1998-01-01 00:00:00 10 2
   -5.0   31.10581
  -15.0   31.84120
  -25.0   32.33415
  -35.0   32.66458
  -45.0   32.88607
  -55.0   33.03455
  -65.0   33.13407
  -75.0   33.20078
  -85.0   33.24550
  -95.0   33.27548
1998-01-02 00:00:00 10 2
   -5.0   31.09866
  -15.0   31.83499
  -25.0   32.32856
  -35.0   32.65942
  -45.0   32.88119
  -55.0   33.02986
  -65.0   33.12951
  -75.0   33.19631
  -85.0   33.24108
  -95.0   33.27110
1998-01-03 00:00:00 10 2
   -5.0   31.09173
  -15.0   31.82894
  -25.0   32.32311
  -35.0   32.65436
  -45.0   32.87640
  -55.0   33.02524
  -65.0   33.12501
  -75.0   33.19189
  -85.0   33.23672
  -95.0   33.26677
1998-01-04 00:00:00 10 2
   -5.0   31.08503
  -15.0   31.82307
  -25.0   32.31778
  -35.0   32.64940
  -45.0   32.87169
  -55.0   33.02070
  -65.0   33.12058
  -75.0   33.18753
  -85.0   33.23241
  -95.0   33.26250
1998-01-05 00:00:00 10 2
   -5.0   31.07857
  -15.0   31.81736
  -25.0   32.31259
  -35.0   32.64455
  -45.0   32.86707
  -55.0   33.01623
  -65.0   33.11622
  -75.0   33.18324
  -85.0   33.22817
  -95.0   33.25828
1998-01-06 00:00:00 10 2
   -5.0   31.07233
  -15.0   31.81183
  -25.0   32.30753
  -35.0   32.63981
  -45.0   32.86254
  -55.0   33.01185
  -65.0   33.11193
  -75.0   33.17901
  -85.0   33.22398
  -95.0   33.25413
1998-01-07 00:00:00 10 2
   -5.0   31.06633
  -15.0   31.80648
  -25.0   32.30261
  -35.0   32.63518
  -45.0   32.85811
  -55.0   33.00754
  -65.0   33.10771
  -75.0   33.17485
  -85.0   33.21986
  -95.0   33.25003
1998-01-08 00:00:00 10 2
   -5.0   31.06057
  -15.0   31.80130
  -25.0   32.29782
  -35.0   32.63066
  -45.0   32.85376
  -55.0   33.00331
  -65.0   33.10356
  -75.0   33.17075
  -85.0   33.21580
  -95.0   33.24599
1998-01-09 00:00:00 10 2
   -5.0   31.05504
  -15.0   31.79630
  -25.0   32.29318
  -35.0   32.62624
  -45.0   32.84951
  -55.0   32.99916
  -65.0   33.09948
  -75.0   33.16673
  -85.0   33.21180
  -95.0   33.24202
1998-01-10 00:00:00 10 2
   -5.0   31.04976
  -15.0   31.79148
  -25.0   32.28867
  -35.0   32.62195
  -45.0   32.84535
  -55.0   32.99510
  -65.0   33.09548
  -75.0   33.16277
  -85.0   33.20787
  -95.0   33.23811
1998-01-11 00:00:00 10 2
   -5.0   31.04471
  -15.0   31.78684
  -25.0   32.28430
  -35.0   32.61776
  -45.0   32.84129
  -55.0   32.99112
  -65.0   33.09156
  -75.0   33.15888
  -85.0   33.20401
  -95.0   33.23426
1998-01-12 00:00:00 10 2
   -5.0   31.03991
  -15.0   31.78238
  -25.0   32.28008
  -35.0   32.61369
  -45.0   32.83732
  -55.0   32.98723
  -65.0   33.08771
  -75.0   33.15506
  -85.0   33.20021
  -95.0   33.23048
1998-01-13 00:00:00 10 2
   -5.0   31.03535
  -15.0   31.77811
  -25.0   32.27600
  -35.0   32.60974
  -45.0   32.83346
  -55.0   32.98342
  -65.0   33.08394
  -75.0   33.15132
  -85.0   33.19649
  -95.0   33.22677
1998-01-14 00:00:00 10 2
   -5.0   31.03103
  -15.0   31.77402
  -25.0   32.27206
  -35.0   32.60591
  -45.0   32.82969
  -55.0   32.97970
  -65.0   33.08025
  -75.0   33.14765
  -85.0   33.19283
  -95.0   33.22312
1998-01-15 00:00:00 10 2
   -5.0   31.02696
  -15.0   31.77012
  -25.0   32.26827
  -35.0   32.60219
  -45.0   32.82602
  -55.0   32.97606
  -65.0   33.07664
  -75.0   33.14406
  -85.0   33.18925
  -95.0   33.21954
1998-01-16 00:00:00 10 2
   -5.0   31.02314
  -15.0   31.76640
  -25.0   32.26462
  -35.0   32.59859
  -45.0   32.82246
  -55.0   32.97252
  -65.0   33.07311
  -75.0   33.14054
  -85.0   33.18574
  -95.0   33.21603
1998-01-17 00:00:00 10 2
   -5.0   31.01957
  -15.0   31.76287
  -25.0   32.26113
  -35.0   32.59512
  -45.0   32.81900
  -55.0   32.96907
  -65.0   33.06966
  -75.0   33.13710
  -85.0   33.18230
  -95.0   33.21260
1998-01-18 00:00:00 10 2
   -5.0   31.01625
  -15.0   31.75954
  -25.0   32.25778
  -35.0   32.59176
  -45.0   32.81564
  -55.0   32.96571
  -65.0   33.06630
  -75.0   33.13373
  -85.0   33.17893
  -95.0   33.20923
1998-01-19 00:00:00 10 2
   -5.0   31.01317
  -15.0   31.75639
  -25.0   32.25459
  -35.0   32.58853
  -45.0   32.81239
  -55.0   32.96244
  -65.0   33.06302
  -75.0   33.13045
  -85.0   33.17564
  -95.0   33.20594
1998-01-20 00:00:00 10 2
   -5.0   31.01035
  -15.0   31.75344
  -25.0   32.25154
  -35.0   32.58543
  -45.0   32.80924
  -55.0   32.95927
  -65.0   33.05983
  -75.0   33.12724
  -85.0   33.17243
  -95.0   33.20272
1998-01-21 00:00:00 10 2
   -5.0   31.00779
  -15.0   31.75067
  -25.0   32.24865
  -35.0   32.58245
  -45.0   32.80620
  -55.0   32.95619
  -65.0   33.05673
  -75.0   33.12412
  -85.0   33.16929
  -95.0   33.19957
1998-01-22 00:00:00 10 2
   -5.0   31.00547
  -15.0   31.74810
  -25.0   32.24590
  -35.0   32.57959
  -45.0   32.80327
  -55.0   32.95320
  -65.0   33.05371
  -75.0   33.12108
  -85.0   33.16624
  -95.0   33.19651
1998-01-23 00:00:00 10 2
   -5.0   31.00341
  -15.0   31.74573
  -25.0   32.24332
  -35.0   32.57686
  -45.0   32.80044
  -55.0   32.95031
  -65.0   33.05078
  -75.0   33.11812
  -85.0   33.16326
  -95.0   33.19352
1998-01-24 00:00:00 10 2
   -5.0   31.00161
  -15.0   31.74355
  -25.0   32.24088
  -35.0   32.57426
  -45.0   32.79773
  -55.0   32.94752
  -65.0   33.04793
  -75.0   33.11524
  -85.0   33.16036
  -95.0   33.19060
1998-01-25 00:00:00 10 2
   -5.0   31.00005
  -15.0   31.74156
  -25.0   32.23861
  -35.0   32.57179
  -45.0   32.79512
  -55.0   32.94483
  -65.0   33.04518
  -75.0   33.11245
  -85.0   33.15754
  -95.0   33.18777
1998-01-26 00:00:00 10 2
   -5.0   30.99876
  -15.0   31.73977
  -25.0   32.23648
  -35.0   32.56944
  -45.0   32.79263
  -55.0   32.94224
  -65.0   33.04252
  -75.0   33.10974
  -85.0   33.15481
  -95.0   33.18501
1998-01-27 00:00:00 10 2
   -5.0   30.99772
  -15.0   31.73818
  -25.0   32.23452
  -35.0   32.56723
  -45.0   32.79025
  -55.0   32.93974
  -65.0   33.03995
  -75.0   33.10712
  -85.0   33.15215
  -95.0   33.18233
1998-01-28 00:00:00 10 2
   -5.0   30.99694
  -15.0   31.73678
  -25.0   32.23271
  -35.0   32.56514
  -45.0   32.78798
  -55.0   32.93735
  -65.0   33.03748
  -75.0   33.10459
  -85.0   33.14958
  -95.0   33.17974
1998-01-29 00:00:00 10 2
   -5.0   30.99641
  -15.0   31.73558
  -25.0   32.23106
  -35.0   32.56319
  -45.0   32.78582
  -55.0   32.93506
  -65.0   33.03509
  -75.0   33.10215
  -85.0   33.14710
  -95.0   33.17723
1998-01-30 00:00:00 10 2
   -5.0   30.99614
  -15.0   31.73458
  -25.0   32.22956
  -35.0   32.56137
  -45.0   32.78378
  -55.0   32.93286
  -65.0   33.03280
  -75.0   33.09979
  -85.0   33.14469
  -95.0   33.17480
1998-01-31 00:00:00 10 2
   -5.0   30.99613
  -15.0   31.73377
  -25.0   32.22823
  -35.0   32.55967
  -45.0   32.78185
  -55.0   32.93078
  -65.0   33.03061
  -75.0   33.09752
  -85.0   33.14238
  -95.0   33.17245
1998-02-01 00:00:00 10 2
   -5.0   30.99637
  -15.0   31.73317
  -25.0   32.22705
  -35.0   32.55812
  -45.0   32.78003
  -55.0   32.92879
  -65.0   33.02850
  -75.0   33.09535
  -85.0   33.14015
  -95.0   33.17018
1998-02-02 00:00:00 10 2
   -5.0   30.99687
  -15.0   31.73276
  -25.0   32.22604
  -35.0   32.55669
  -45.0   32.77834
  -55.0   32.92691
  -65.0   33.02650
  -75.0   33.09326
  -85.0   33.13801
  -95.0   33.16800
1998-02-03 00:00:00 10 2
   -5.0   30.99763
  -15.0   31.73255
  -25.0   32.22518
  -35.0   32.55540
  -45.0   32.77675
  -55.0   32.92513
  -65.0   33.02459
  -75.0   33.09126
  -85.0   33.13595
  -95.0   33.16591
1998-02-04 00:00:00 10 2
   -5.0   30.99864
  -15.0   31.73254
  -25.0   32.22448
  -35.0   32.55424
  -45.0   32.77529
  -55.0   32.92346
  -65.0   33.02278
  -75.0   33.08936
  -85.0   33.13398
  -95.0   33.16390
1998-02-05 00:00:00 10 2
   -5.0   30.99991
  -15.0   31.73272
  -25.0   32.22394
  -35.0   32.55322
  -45.0   32.77394
  -55.0   32.92189
  -65.0   33.02106
  -75.0   33.08754
  -85.0   33.13211
  -95.0   33.16198
1998-02-06 00:00:00 10 2
   -5.0   31.00144
  -15.0   31.73311
  -25.0   32.22357
  -35.0   32.55233
  -45.0   32.77270
  -55.0   32.92043
  -65.0   33.01945
  -75.0   33.08582
  -85.0   33.13032
  -95.0   33.16014
1998-02-07 00:00:00 10 2
   -5.0   31.00322
  -15.0   31.73369
  -25.0   32.22335
  -35.0   32.55157
  -45.0   32.77159
  -55.0   32.91907
  -65.0   33.01793
  -75.0   33.08420
  -85.0   33.12862
  -95.0   33.15839
1998-02-08 00:00:00 10 2
   -5.0   31.00525
  -15.0   31.73448
  -25.0   32.22329
  -35.0   32.55095
  -45.0   32.77059
  -55.0   32.91782
  -65.0   33.01651
  -75.0   33.08266
  -85.0   33.12701
  -95.0   33.15673
1998-02-09 00:00:00 10 2
   -5.0   31.00754
  -15.0   31.73546
  -25.0   32.22339
  -35.0   32.55047
  -45.0   32.76971
  -55.0   32.91668
  -65.0   33.01519
  -75.0   33.08123
  -85.0   33.12549
  -95.0   33.15516
1998-02-10 00:00:00 10 2
   -5.0   31.01008
  -15.0   31.73664
  -25.0   32.22366
  -35.0   32.55012
  -45.0   32.76895
  -55.0   32.91564
  -65.0   33.01397
  -75.0   33.07988
  -85.0   33.12406
  -95.0   33.15368
1998-02-11 00:00:00 10 2
   -5.0   31.01288
  -15.0   31.73801
  -25.0   32.22408
  -35.0   32.54991
  -45.0   32.76831
  -55.0   32.91471
  -65.0   33.01285
  -75.0   33.07863
  -85.0   33.12273
  -95.0   33.15229
1998-02-12 00:00:00 10 2
   -5.0   31.01592
  -15.0   31.73958
  -25.0   32.22467
  -35.0   32.54983
  -45.0   32.76779
  -55.0   32.91389
  -65.0   33.01183
  -75.0   33.07748
  -85.0   33.12148
  -95.0   33.15098
1998-02-13 00:00:00 10 2
   -5.0   31.01922
  -15.0   31.74135
  -25.0   32.22541
  -35.0   32.54988
  -45.0   32.76738
  -55.0   32.91318
  -65.0   33.01091
  -75.0   33.07642
  -85.0   33.12033
  -95.0   33.14977
1998-02-14 00:00:00 10 2
   -5.0   31.02277
  -15.0   31.74331
  -25.0   32.22631
  -35.0   32.55008
  -45.0   32.76710
  -55.0   32.91258
  -65.0   33.01009
  -75.0   33.07546
  -85.0   33.11927
  -95.0   33.14865
1998-02-15 00:00:00 10 2
   -5.0   31.02656
  -15.0   31.74547
  -25.0   32.22738
  -35.0   32.55040
  -45.0   32.76693
  -55.0   32.91208
  -65.0   33.00937
  -75.0   33.07459
  -85.0   33.11831
  -95.0   33.14761
1998-02-16 00:00:00 10 2
   -5.0   31.03061
  -15.0   31.74783
  -25.0   32.22860
  -35.0   32.55087
  -45.0   32.76689
  -55.0   32.91169
  -65.0   33.00876
  -75.0   33.07382
  -85.0   33.11744
  -95.0   33.14667
1998-02-17 00:00:00 10 2
   -5.0   31.03490
  -15.0   31.75038
  -25.0   32.22998
  -35.0   32.55146
  -45.0   32.76696
  -55.0   32.91141
  -65.0   33.00824
  -75.0   33.07315
  -85.0   33.11666
  -95.0   33.14582
1998-02-18 00:00:00 10 2
   -5.0   31.03943
  -15.0   31.75312
  -25.0   32.23152
  -35.0   32.55220
  -45.0   32.76715
  -55.0   32.91124
  -65.0   33.00783
  -75.0   33.07257
  -85.0   33.11597
  -95.0   33.14507
1998-02-19 00:00:00 10 2
   -5.0   31.04421
  -15.0   31.75605
  -25.0   32.23321
  -35.0   32.55306
  -45.0   32.76746
  -55.0   32.91118
  -65.0   33.00752
  -75.0   33.07210
  -85.0   33.11538
  -95.0   33.14440
1998-02-20 00:00:00 10 2
   -5.0   31.04923
  -15.0   31.75918
  -25.0   32.23507
  -35.0   32.55406
  -45.0   32.76790
  -55.0   32.91123
  -65.0   33.00731
  -75.0   33.07172
  -85.0   33.11489
  -95.0   33.14383
1998-02-21 00:00:00 10 2
   -5.0   31.05450
  -15.0   31.76249
  -25.0   32.23708
  -35.0   32.55520
  -45.0   32.76844
  -55.0   32.91139
  -65.0   33.00720
  -75.0   33.07143
  -85.0   33.11449
  -95.0   33.14334
1998-02-22 00:00:00 10 2
   -5.0   31.06000
  -15.0   31.76600
  -25.0   32.23924
  -35.0   32.55647
  -45.0   32.76911
  -55.0   32.91165
  -65.0   33.00720
  -75.0   33.07125
  -85.0   33.11418
  -95.0   33.14296
1998-02-23 00:00:00 10 2
   -5.0   31.06574
  -15.0   31.76969
  -25.0   32.24157
  -35.0   32.55787
  -45.0   32.76990
  -55.0   32.91203
  -65.0   33.00730
  -75.0   33.07116
  -85.0   33.11396
  -95.0   33.14266
1998-02-24 00:00:00 10 2
   -5.0   31.07172
  -15.0   31.77357
  -25.0   32.24404
  -35.0   32.55941
  -45.0   32.77081
  -55.0   32.91251
  -65.0   33.00749
  -75.0   33.07117
  -85.0   33.11385
  -95.0   33.14246
1998-02-25 00:00:00 10 2
   -5.0   31.07793
  -15.0   31.77764
  -25.0   32.24668
  -35.0   32.56108
  -45.0   32.77183
  -55.0   32.91310
  -65.0   33.00780
  -75.0   33.07127
  -85.0   33.11382
  -95.0   33.14234
1998-02-26 00:00:00 10 2
   -5.0   31.08437
  -15.0   31.78190
  -25.0   32.24946
  -35.0   32.56288
  -45.0   32.77297
  -55.0   32.91380
  -65.0   33.00820
  -75.0   33.07148
  -85.0   33.11389
  -95.0   33.14233
1998-02-27 00:00:00 10 2
   -5.0   31.09104
  -15.0   31.78633
  -25.0   32.25240
  -35.0   32.56481
  -45.0   32.77423
  -55.0   32.91461
  -65.0   33.00870
  -75.0   33.07178
  -85.0   33.11406
  -95.0   33.14240
1998-02-28 00:00:00 10 2
   -5.0   31.09795
  -15.0   31.79095
  -25.0   32.25549
  -35.0   32.56688
  -45.0   32.77560
  -55.0   32.91552
  -65.0   33.00931
  -75.0   33.07218
  -85.0   33.11432
  -95.0   33.14257
1998-03-01 00:00:00 10 2
   -5.0   31.10507
  -15.0   31.79575
  -25.0   32.25873
  -35.0   32.56907
  -45.0   32.77710
  -55.0   32.91654
  -65.0   33.01002
  -75.0   33.07267
  -85.0   33.11467
  -95.0   33.14283
1998-03-02 00:00:00 10 2
   -5.0   31.11243
  -15.0   31.80073
  -25.0   32.26212
  -35.0   32.57139
  -45.0   32.77871
  -55.0   32.91767
  -65.0   33.01082
  -75.0   33.07327
  -85.0   33.11512
  -95.0   33.14318
1998-03-03 00:00:00 10 2
   -5.0   31.12000
  -15.0   31.80589
  -25.0   32.26566
  -35.0   32.57384
  -45.0   32.78043
  -55.0   32.91891
  -65.0   33.01173
  -75.0   33.07396
  -85.0   33.11566
  -95.0   33.14362
1998-03-04 00:00:00 10 2
   -5.0   31.12780
  -15.0   31.81123
  -25.0   32.26934
  -35.0   32.57643
  -45.0   32.78227
  -55.0   32.92025
  -65.0   33.01274
  -75.0   33.07474
  -85.0   33.11630
  -95.0   33.14416
1998-03-05 00:00:00 10 2
   -5.0   31.13581
  -15.0   31.81674
  -25.0   32.27317
  -35.0   32.57913
  -45.0   32.78422
  -55.0   32.92170
  -65.0   33.01385
  -75.0   33.07563
  -85.0   33.11703
  -95.0   33.14479
1998-03-06 00:00:00 10 2
   -5.0   31.14404
  -15.0   31.82242
  -25.0   32.27715
  -35.0   32.58197
  -45.0   32.78629
  -55.0   32.92326
  -65.0   33.01506
  -75.0   33.07661
  -85.0   33.11786
  -95.0   33.14551
1998-03-07 00:00:00 10 2
   -5.0   31.15248
  -15.0   31.82828
  -25.0   32.28128
  -35.0   32.58493
  -45.0   32.78848
  -55.0   32.92492
  -65.0   33.01637
  -75.0   33.07768
  -85.0   33.11878
  -95.0   33.14632
1998-03-08 00:00:00 10 2
   -5.0   31.16113
  -15.0   31.83430
  -25.0   32.28554
  -35.0   32.58802
  -45.0   32.79077
  -55.0   32.92668
  -65.0   33.01778
  -75.0   33.07885
  -85.0   33.11979
  -95.0   33.14723
1998-03-09 00:00:00 10 2
   -5.0   31.16999
  -15.0   31.84050
  -25.0   32.28995
  -35.0   32.59123
  -45.0   32.79318
  -55.0   32.92855
  -65.0   33.01929
  -75.0   33.08012
  -85.0   33.12089
  -95.0   33.14822
1998-03-10 00:00:00 10 2
   -5.0   31.17906
  -15.0   31.84686
  -25.0   32.29450
  -35.0   32.59456
  -45.0   32.79570
  -55.0   32.93052
  -65.0   33.02090
  -75.0   33.08148
  -85.0   33.12209
  -95.0   33.14931
1998-03-11 00:00:00 10 2
   -5.0   31.18833
  -15.0   31.85338
  -25.0   32.29918
  -35.0   32.59801
  -45.0   32.79833
  -55.0   32.93260
  -65.0   33.02260
  -75.0   33.08294
  -85.0   33.12338
  -95.0   33.15049
1998-03-12 00:00:00 10 2
   -5.0   31.19779
  -15.0   31.86007
  -25.0   32.30401
  -35.0   32.60159
  -45.0   32.80107
  -55.0   32.93478
  -65.0   33.02441
  -75.0   33.08449
  -85.0   33.12476
  -95.0   33.15176
1998-03-13 00:00:00 10 2
   -5.0   31.20746
  -15.0   31.86692
  -25.0   32.30897
  -35.0   32.60529
  -45.0   32.80391
  -55.0   32.93706
  -65.0   33.02631
  -75.0   33.08613
  -85.0   33.12623
  -95.0   33.15311
1998-03-14 00:00:00 10 2
   -5.0   31.21732
  -15.0   31.87393
  -25.0   32.31407
  -35.0   32.60910
  -45.0   32.80687
  -55.0   32.93944
  -65.0   33.02830
  -75.0   33.08787
  -85.0   33.12780
  -95.0   33.15456
1998-03-15 00:00:00 10 2
   -5.0   31.22737
  -15.0   31.88109
  -25.0   32.31930
  -35.0   32.61304
  -45.0   32.80993
  -55.0   32.94192
  -65.0   33.03039
  -75.0   33.08970
  -85.0   33.12945
  -95.0   33.15610
1998-03-16 00:00:00 10 2
   -5.0   31.23760
  -15.0   31.88841
  -25.0   32.32466
  -35.0   32.61709
  -45.0   32.81311
  -55.0   32.94450
  -65.0   33.03258
  -75.0   33.09162
  -85.0   33.13119
  -95.0   33.15772
1998-03-17 00:00:00 10 2
   -5.0   31.24803
  -15.0   31.89588
  -25.0   32.33015
  -35.0   32.62125
  -45.0   32.81638
  -55.0   32.94718
  -65.0   33.03486
  -75.0   33.09363
  -85.0   33.13303
  -95.0   33.15944
1998-03-18 00:00:00 10 2
   -5.0   31.25863
  -15.0   31.90350
  -25.0   32.33577
  -35.0   32.62553
  -45.0   32.81976
  -55.0   32.94996
  -65.0   33.03723
  -75.0   33.09574
  -85.0   33.13495
  -95.0   33.16124
1998-03-19 00:00:00 10 2
   -5.0   31.26942
  -15.0   31.91127
  -25.0   32.34152
  -35.0   32.62992
  -45.0   32.82325
  -55.0   32.95284
  -65.0   33.03970
  -75.0   33.09793
  -85.0   33.13696
  -95.0   33.16312
1998-03-20 00:00:00 10 2
   -5.0   31.28038
  -15.0   31.91919
  -25.0   32.34739
  -35.0   32.63443
  -45.0   32.82683
  -55.0   32.95581
  -65.0   33.04226
  -75.0   33.10021
  -85.0   33.13906
  -95.0   33.16510
1998-03-21 00:00:00 10 2
   -5.0   31.29151
  -15.0   31.92724
  -25.0   32.35339
  -35.0   32.63904
  -45.0   32.83052
  -55.0   32.95888
  -65.0   33.04491
  -75.0   33.10259
  -85.0   33.14125
  -95.0   33.16716
1998-03-22 00:00:00 10 2
   -5.0   31.30281
  -15.0   31.93544
  -25.0   32.35951
  -35.0   32.64377
  -45.0   32.83431
  -55.0   32.96204
  -65.0   33.04766
  -75.0   33.10505
  -85.0   33.14352
  -95.0   33.16931
1998-03-23 00:00:00 10 2
   -5.0   31.31428
  -15.0   31.94378
  -25.0   32.36575
  -35.0   32.64860
  -45.0   32.83820
  -55.0   32.96530
  -65.0   33.05049
  -75.0   33.10760
  -85.0   33.14588
  -95.0   33.17154
1998-03-24 00:00:00 10 2
   -5.0   31.32591
  -15.0   31.95225
  -25.0   32.37210
  -35.0   32.65354
  -45.0   32.84219
  -55.0   32.96864
  -65.0   33.05341
  -75.0   33.11023
  -85.0   33.14832
  -95.0   33.17385
1998-03-25 00:00:00 10 2
   -5.0   31.33770
  -15.0   31.96086
  -25.0   32.37857
  -35.0   32.65858
  -45.0   32.84627
  -55.0   32.97209
  -65.0   33.05642
  -75.0   33.11295
  -85.0   33.15085
  -95.0   33.17625
1998-03-26 00:00:00 10 2
   -5.0   31.34964
  -15.0   31.96959
  -25.0   32.38516
  -35.0   32.66372
  -45.0   32.85045
  -55.0   32.97562
  -65.0   33.05952
  -75.0   33.11576
  -85.0   33.15346
  -95.0   33.17873
1998-03-27 00:00:00 10 2
   -5.0   31.36174
  -15.0   31.97846
  -25.0   32.39186
  -35.0   32.66897
  -45.0   32.85472
  -55.0   32.97924
  -65.0   33.06270
  -75.0   33.11865
  -85.0   33.15615
  -95.0   33.18129
1998-03-28 00:00:00 10 2
   -5.0   31.37398
  -15.0   31.98745
  -25.0   32.39867
  -35.0   32.67432
  -45.0   32.85909
  -55.0   32.98295
  -65.0   33.06597
  -75.0   33.12162
  -85.0   33.15893
  -95.0   33.18394
1998-03-29 00:00:00 10 2
   -5.0   31.38637
  -15.0   31.99656
  -25.0   32.40559
  -35.0   32.67976
  -45.0   32.86355
  -55.0   32.98675
  -65.0   33.06933
  -75.0   33.12468
  -85.0   33.16179
  -95.0   33.18666
1998-03-30 00:00:00 10 2
   -5.0   31.39890
  -15.0   32.00580
  -25.0   32.41261
  -35.0   32.68531
  -45.0   32.86810
  -55.0   32.99063
  -65.0   33.07276
  -75.0   33.12782
  -85.0   33.16473
  -95.0   33.18946
1998-03-31 00:00:00 10 2
   -5.0   31.41157
  -15.0   32.01515
  -25.0   32.41974
  -35.0   32.69094
  -45.0   32.87274
  -55.0   32.99460
  -65.0   33.07628
  -75.0   33.13104
  -85.0   33.16774
  -95.0   33.19235
1998-04-01 00:00:00 10 2
   -5.0   31.42437
  -15.0   32.02461
  -25.0   32.42697
  -35.0   32.69668
  -45.0   32.87747
  -55.0   32.99865
  -65.0   33.07989
  -75.0   33.13434
  -85.0   33.17084
  -95.0   33.19531
1998-04-02 00:00:00 10 2
   -5.0   31.43730
  -15.0   32.03419
  -25.0   32.43430
  -35.0   32.70250
  -45.0   32.88228
  -55.0   33.00279
  -65.0   33.08357
  -75.0   33.13772
  -85.0   33.17401
  -95.0   33.19834
1998-04-03 00:00:00 10 2
   -5.0   31.45036
  -15.0   32.04388
  -25.0   32.44173
  -35.0   32.70841
  -45.0   32.88718
  -55.0   33.00701
  -65.0   33.08733
  -75.0   33.14117
  -85.0   33.17727
  -95.0   33.20146
1998-04-04 00:00:00 10 2
   -5.0   31.46354
  -15.0   32.05367
  -25.0   32.44925
  -35.0   32.71441
  -45.0   32.89216
  -55.0   33.01130
  -65.0   33.09117
  -75.0   33.14471
  -85.0   33.18059
  -95.0   33.20465
1998-04-05 00:00:00 10 2
   -5.0   31.47684
  -15.0   32.06357
  -25.0   32.45687
  -35.0   32.72050
  -45.0   32.89722
  -55.0   33.01568
  -65.0   33.09509
  -75.0   33.14831
  -85.0   33.18399
  -95.0   33.20791
1998-04-06 00:00:00 10 2
   -5.0   31.49025
  -15.0   32.07357
  -25.0   32.46457
  -35.0   32.72668
  -45.0   32.90237
  -55.0   33.02014
  -65.0   33.09908
  -75.0   33.15200
  -85.0   33.18747
  -95.0   33.21125
1998-04-07 00:00:00 10 2
   -5.0   31.50377
  -15.0   32.08366
  -25.0   32.47237
  -35.0   32.73293
  -45.0   32.90759
  -55.0   33.02467
  -65.0   33.10315
  -75.0   33.15575
  -85.0   33.19102
  -95.0   33.21466
1998-04-08 00:00:00 10 2
   -5.0   31.51740
  -15.0   32.09385
  -25.0   32.48025
  -35.0   32.73927
  -45.0   32.91289
  -55.0   33.02928
  -65.0   33.10729
  -75.0   33.15958
  -85.0   33.19464
  -95.0   33.21814
1998-04-09 00:00:00 10 2
   -5.0   31.53113
  -15.0   32.10413
  -25.0   32.48822
  -35.0   32.74569
  -45.0   32.91827
  -55.0   33.03396
  -65.0   33.11150
  -75.0   33.16348
  -85.0   33.19833
  -95.0   33.22169
1998-04-10 00:00:00 10 2
   -5.0   31.54496
  -15.0   32.11450
  -25.0   32.49627
  -35.0   32.75218
  -45.0   32.92372
  -55.0   33.03871
  -65.0   33.11579
  -75.0   33.16746
  -85.0   33.20209
  -95.0   33.22531
1998-04-11 00:00:00 10 2
   -5.0   31.55888
  -15.0   32.12495
  -25.0   32.50440
  -35.0   32.75875
  -45.0   32.92925
  -55.0   33.04353
  -65.0   33.12014
  -75.0   33.17150
  -85.0   33.20592
  -95.0   33.22899
1998-04-12 00:00:00 10 2
   -5.0   31.57290
  -15.0   32.13549
  -25.0   32.51261
  -35.0   32.76539
  -45.0   32.93484
  -55.0   33.04843
  -65.0   33.12457
  -75.0   33.17560
  -85.0   33.20982
  -95.0   33.23275
1998-04-13 00:00:00 10 2
   -5.0   31.58700
  -15.0   32.14610
  -25.0   32.52089
  -35.0   32.77211
  -45.0   32.94051
  -55.0   33.05339
  -65.0   33.12906
  -75.0   33.17978
  -85.0   33.21378
  -95.0   33.23657
1998-04-14 00:00:00 10 2
   -5.0   31.60118
  -15.0   32.15680
  -25.0   32.52924
  -35.0   32.77889
  -45.0   32.94624
  -55.0   33.05842
  -65.0   33.13361
  -75.0   33.18402
  -85.0   33.21781
  -95.0   33.24045
1998-04-15 00:00:00 10 2
   -5.0   31.61544
  -15.0   32.16756
  -25.0   32.53766
  -35.0   32.78574
  -45.0   32.95204
  -55.0   33.06351
  -65.0   33.13823
  -75.0   33.18832
  -85.0   33.22190
  -95.0   33.24440
1998-04-16 00:00:00 10 2
   -5.0   31.62977
  -15.0   32.17839
  -25.0   32.54615
  -35.0   32.79266
  -45.0   32.95790
  -55.0   33.06867
  -65.0   33.14292
  -75.0   33.19269
  -85.0   33.22605
  -95.0   33.24841
1998-04-17 00:00:00 10 2
   -5.0   31.64417
  -15.0   32.18929
  -25.0   32.55470
  -35.0   32.79964
  -45.0   32.96383
  -55.0   33.07389
  -65.0   33.14766
  -75.0   33.19712
  -85.0   33.23027
  -95.0   33.25249
1998-04-18 00:00:00 10 2
   -5.0   31.65863
  -15.0   32.20026
  -25.0   32.56332
  -35.0   32.80668
  -45.0   32.96982
  -55.0   33.07917
  -65.0   33.15247
  -75.0   33.20161
  -85.0   33.23454
  -95.0   33.25662
1998-04-19 00:00:00 10 2
   -5.0   31.67316
  -15.0   32.21128
  -25.0   32.57199
  -35.0   32.81379
  -45.0   32.97587
  -55.0   33.08451
  -65.0   33.15734
  -75.0   33.20615
  -85.0   33.23888
  -95.0   33.26081
1998-04-20 00:00:00 10 2
   -5.0   31.68774
  -15.0   32.22236
  -25.0   32.58072
  -35.0   32.82094
  -45.0   32.98197
  -55.0   33.08991
  -65.0   33.16226
  -75.0   33.21076
  -85.0   33.24327
  -95.0   33.26506
1998-04-21 00:00:00 10 2
   -5.0   31.70237
  -15.0   32.23349
  -25.0   32.58951
  -35.0   32.82816
  -45.0   32.98813
  -55.0   33.09536
  -65.0   33.16724
  -75.0   33.21542
  -85.0   33.24772
  -95.0   33.26937
1998-04-22 00:00:00 10 2
   -5.0   31.71705
  -15.0   32.24468
  -25.0   32.59835
  -35.0   32.83543
  -45.0   32.99434
  -55.0   33.10087
  -65.0   33.17227
  -75.0   33.22014
  -85.0   33.25222
  -95.0   33.27373
1998-04-23 00:00:00 10 2
   -5.0   31.73178
  -15.0   32.25591
  -25.0   32.60724
  -35.0   32.84274
  -45.0   33.00061
  -55.0   33.10643
  -65.0   33.17736
  -75.0   33.22491
  -85.0   33.25678
  -95.0   33.27814
1998-04-24 00:00:00 10 2
   -5.0   31.74654
  -15.0   32.26718
  -25.0   32.61617
  -35.0   32.85011
  -45.0   33.00692
  -55.0   33.11204
  -65.0   33.18250
  -75.0   33.22973
  -85.0   33.26139
  -95.0   33.28261
1998-04-25 00:00:00 10 2
   -5.0   31.76134
  -15.0   32.27849
  -25.0   32.62515
  -35.0   32.85752
  -45.0   33.01328
  -55.0   33.11770
  -65.0   33.18768
  -75.0   33.23460
  -85.0   33.26605
  -95.0   33.28713
1998-04-26 00:00:00 10 2
   -5.0   31.77617
  -15.0   32.28984
  -25.0   32.63417
  -35.0   32.86498
  -45.0   33.01969
  -55.0   33.12340
  -65.0   33.19292
  -75.0   33.23952
  -85.0   33.27076
  -95.0   33.29170
1998-04-27 00:00:00 10 2
   -5.0   31.79102
  -15.0   32.30122
  -25.0   32.64323
  -35.0   32.87248
  -45.0   33.02615
  -55.0   33.12916
  -65.0   33.19821
  -75.0   33.24449
  -85.0   33.27552
  -95.0   33.29631
1998-04-28 00:00:00 10 2
   -5.0   31.80589
  -15.0   32.31264
  -25.0   32.65232
  -35.0   32.88001
  -45.0   33.03264
  -55.0   33.13495
  -65.0   33.20353
  -75.0   33.24951
  -85.0   33.28032
  -95.0   33.30098
1998-04-29 00:00:00 10 2
   -5.0   31.82078
  -15.0   32.32408
  -25.0   32.66145
  -35.0   32.88759
  -45.0   33.03918
  -55.0   33.14079
  -65.0   33.20891
  -75.0   33.25457
  -85.0   33.28517
  -95.0   33.30569
1998-04-30 00:00:00 10 2
   -5.0   31.83569
  -15.0   32.33554
  -25.0   32.67060
  -35.0   32.89520
  -45.0   33.04576
  -55.0   33.14667
  -65.0   33.21432
  -75.0   33.25967
  -85.0   33.29006
  -95.0   33.31044
1998-05-01 00:00:00 10 2
   -5.0   31.85060
  -15.0   32.34702
  -25.0   32.67979
  -35.0   32.90285
  -45.0   33.05237
  -55.0   33.15259
  -65.0   33.21978
  -75.0   33.26481
  -85.0   33.29500
  -95.0   33.31524
1998-05-02 00:00:00 10 2
   -5.0   31.86551
  -15.0   32.35852
  -25.0   32.68900
  -35.0   32.91052
  -45.0   33.05901
  -55.0   33.15855
  -65.0   33.22527
  -75.0   33.27000
  -85.0   33.29998
  -95.0   33.32007
1998-05-03 00:00:00 10 2
   -5.0   31.88043
  -15.0   32.37004
  -25.0   32.69823
  -35.0   32.91823
  -45.0   33.06569
  -55.0   33.16454
  -65.0   33.23081
  -75.0   33.27522
  -85.0   33.30500
  -95.0   33.32495
1998-05-04 00:00:00 10 2
   -5.0   31.89533
  -15.0   32.38156
  -25.0   32.70748
  -35.0   32.92596
  -45.0   33.07240
  -55.0   33.17057
  -65.0   33.23637
  -75.0   33.28048
  -85.0   33.31005
  -95.0   33.32987
1998-05-05 00:00:00 10 2
   -5.0   31.91023
  -15.0   32.39309
  -25.0   32.71675
  -35.0   32.93371
  -45.0   33.07914
  -55.0   33.17663
  -65.0   33.24198
  -75.0   33.28578
  -85.0   33.31514
  -95.0   33.33482
1998-05-06 00:00:00 10 2
   -5.0   31.92512
  -15.0   32.40462
  -25.0   32.72603
  -35.0   32.94149
  -45.0   33.08591
  -55.0   33.18272
  -65.0   33.24761
  -75.0   33.29111
  -85.0   33.32027
  -95.0   33.33981
1998-05-07 00:00:00 10 2
   -5.0   31.93998
  -15.0   32.41615
  -25.0   32.73533
  -35.0   32.94928
  -45.0   33.09270
  -55.0   33.18883
  -65.0   33.25328
  -75.0   33.29647
  -85.0   33.32543
  -95.0   33.34484
1998-05-08 00:00:00 10 2
   -5.0   31.95483
  -15.0   32.42767
  -25.0   32.74463
  -35.0   32.95709
  -45.0   33.09951
  -55.0   33.19498
  -65.0   33.25897
  -75.0   33.30187
  -85.0   33.33062
  -95.0   33.34989
1998-05-09 00:00:00 10 2
   -5.0   31.96964
  -15.0   32.43919
  -25.0   32.75394
  -35.0   32.96492
  -45.0   33.10635
  -55.0   33.20115
  -65.0   33.26469
  -75.0   33.30729
  -85.0   33.33584
  -95.0   33.35498
1998-05-10 00:00:00 10 2
   -5.0   31.98443
  -15.0   32.45070
  -25.0   32.76325
  -35.0   32.97276
  -45.0   33.11320
  -55.0   33.20734
  -65.0   33.27044
  -75.0   33.31274
  -85.0   33.34109
  -95.0   33.36010
1998-05-11 00:00:00 10 2
   -5.0   31.99917
  -15.0   32.46219
  -25.0   32.77256
  -35.0   32.98061
  -45.0   33.12007
  -55.0   33.21355
  -65.0   33.27621
  -75.0   33.31821
  -85.0   33.34637
  -95.0   33.36524
1998-05-12 00:00:00 10 2
   -5.0   32.01388
  -15.0   32.47367
  -25.0   32.78187
  -35.0   32.98847
  -45.0   33.12695
  -55.0   33.21978
  -65.0   33.28200
  -75.0   33.32372
  -85.0   33.35167
  -95.0   33.37042
1998-05-13 00:00:00 10 2
   -5.0   32.02854
  -15.0   32.48512
  -25.0   32.79117
  -35.0   32.99633
  -45.0   33.13385
  -55.0   33.22603
  -65.0   33.28782
  -75.0   33.32924
  -85.0   33.35700
  -95.0   33.37561
1998-05-14 00:00:00 10 2
   -5.0   32.04316
  -15.0   32.49655
  -25.0   32.80047
  -35.0   33.00419
  -45.0   33.14075
  -55.0   33.23229
  -65.0   33.29365
  -75.0   33.33478
  -85.0   33.36235
  -95.0   33.38084
1998-05-15 00:00:00 10 2
   -5.0   32.05772
  -15.0   32.50795
  -25.0   32.80976
  -35.0   33.01206
  -45.0   33.14767
  -55.0   33.23857
  -65.0   33.29950
  -75.0   33.34035
  -85.0   33.36773
  -95.0   33.38608
1998-05-16 00:00:00 10 2
   -5.0   32.07222
  -15.0   32.51932
  -25.0   32.81903
  -35.0   33.01993
  -45.0   33.15459
  -55.0   33.24486
  -65.0   33.30537
  -75.0   33.34593
  -85.0   33.37312
  -95.0   33.39134
1998-05-17 00:00:00 10 2
   -5.0   32.08666
  -15.0   32.53066
  -25.0   32.82828
  -35.0   33.02779
  -45.0   33.16152
  -55.0   33.25116
  -65.0   33.31125
  -75.0   33.35153
  -85.0   33.37853
  -95.0   33.39662
1998-05-18 00:00:00 10 2
   -5.0   32.10103
  -15.0   32.54196
  -25.0   32.83752
  -35.0   33.03564
  -45.0   33.16845
  -55.0   33.25747
  -65.0   33.31714
  -75.0   33.35714
  -85.0   33.38395
  -95.0   33.40192
1998-05-19 00:00:00 10 2
   -5.0   32.11534
  -15.0   32.55322
  -25.0   32.84674
  -35.0   33.04349
  -45.0   33.17537
  -55.0   33.26378
  -65.0   33.32304
  -75.0   33.36276
  -85.0   33.38939
  -95.0   33.40724
1998-05-20 00:00:00 10 2
   -5.0   32.12956
  -15.0   32.56443
  -25.0   32.85593
  -35.0   33.05132
  -45.0   33.18230
  -55.0   33.27010
  -65.0   33.32895
  -75.0   33.36840
  -85.0   33.39484
  -95.0   33.41257
1998-05-21 00:00:00 10 2
   -5.0   32.14371
  -15.0   32.57559
  -25.0   32.86509
  -35.0   33.05914
  -45.0   33.18922
  -55.0   33.27642
  -65.0   33.33487
  -75.0   33.37405
  -85.0   33.40031
  -95.0   33.41791
1998-05-22 00:00:00 10 2
   -5.0   32.15778
  -15.0   32.58670
  -25.0   32.87422
  -35.0   33.06695
  -45.0   33.19614
  -55.0   33.28274
  -65.0   33.34079
  -75.0   33.37970
  -85.0   33.40578
  -95.0   33.42327
1998-05-23 00:00:00 10 2
   -5.0   32.17176
  -15.0   32.59776
  -25.0   32.88332
  -35.0   33.07474
  -45.0   33.20305
  -55.0   33.28906
  -65.0   33.34671
  -75.0   33.38536
  -85.0   33.41127
  -95.0   33.42863
1998-05-24 00:00:00 10 2
   -5.0   32.18564
  -15.0   32.60876
  -25.0   32.89239
  -35.0   33.08251
  -45.0   33.20995
  -55.0   33.29538
  -65.0   33.35264
  -75.0   33.39102
  -85.0   33.41675
  -95.0   33.43400
1998-05-25 00:00:00 10 2
   -5.0   32.19943
  -15.0   32.61970
  -25.0   32.90142
  -35.0   33.09025
  -45.0   33.21684
  -55.0   33.30169
  -65.0   33.35857
  -75.0   33.39669
  -85.0   33.42225
  -95.0   33.43938
1998-05-26 00:00:00 10 2
   -5.0   32.21312
  -15.0   32.63058
  -25.0   32.91040
  -35.0   33.09798
  -45.0   33.22371
  -55.0   33.30799
  -65.0   33.36449
  -75.0   33.40236
  -85.0   33.42774
  -95.0   33.44476
1998-05-27 00:00:00 10 2
   -5.0   32.22671
  -15.0   32.64138
  -25.0   32.91935
  -35.0   33.10567
  -45.0   33.23057
  -55.0   33.31429
  -65.0   33.37041
  -75.0   33.40803
  -85.0   33.43324
  -95.0   33.45015
1998-05-28 00:00:00 10 2
   -5.0   32.24019
  -15.0   32.65212
  -25.0   32.92824
  -35.0   33.11334
  -45.0   33.23741
  -55.0   33.32057
  -65.0   33.37632
  -75.0   33.41369
  -85.0   33.43874
  -95.0   33.45553
1998-05-29 00:00:00 10 2
   -5.0   32.25356
  -15.0   32.66278
  -25.0   32.93709
  -35.0   33.12097
  -45.0   33.24423
  -55.0   33.32685
  -65.0   33.38223
  -75.0   33.41935
  -85.0   33.44424
  -95.0   33.46092
1998-05-30 00:00:00 10 2
   -5.0   32.26681
  -15.0   32.67337
  -25.0   32.94589
  -35.0   33.12857
  -45.0   33.25102
  -55.0   33.33311
  -65.0   33.38813
  -75.0   33.42501
  -85.0   33.44973
  -95.0   33.46630
1998-05-31 00:00:00 10 2
   -5.0   32.27994
  -15.0   32.68387
  -25.0   32.95463
  -35.0   33.13613
  -45.0   33.25780
  -55.0   33.33935
  -65.0   33.39401
  -75.0   33.43066
  -85.0   33.45522
  -95.0   33.47169
1998-06-01 00:00:00 10 2
   -5.0   32.29295
  -15.0   32.69429
  -25.0   32.96332
  -35.0   33.14366
  -45.0   33.26454
  -55.0   33.34557
  -65.0   33.39989
  -75.0   33.43630
  -85.0   33.46070
  -95.0   33.47706
1998-06-02 00:00:00 10 2
   -5.0   32.30583
  -15.0   32.70463
  -25.0   32.97195
  -35.0   33.15114
  -45.0   33.27126
  -55.0   33.35178
  -65.0   33.40575
  -75.0   33.44193
  -85.0   33.46618
  -95.0   33.48243
1998-06-03 00:00:00 10 2
   -5.0   32.31858
  -15.0   32.71487
  -25.0   32.98052
  -35.0   33.15859
  -45.0   33.27795
  -55.0   33.35796
  -65.0   33.41159
  -75.0   33.44754
  -85.0   33.47164
  -95.0   33.48780
1998-06-04 00:00:00 10 2
   -5.0   32.33119
  -15.0   32.72503
  -25.0   32.98902
  -35.0   33.16598
  -45.0   33.28460
  -55.0   33.36412
  -65.0   33.41742
  -75.0   33.45315
  -85.0   33.47709
  -95.0   33.49315
1998-06-05 00:00:00 10 2
   -5.0   32.34366
  -15.0   32.73508
  -25.0   32.99746
  -35.0   33.17333
  -45.0   33.29123
  -55.0   33.37025
  -65.0   33.42322
  -75.0   33.45873
  -85.0   33.48253
  -95.0   33.49849
1998-06-06 00:00:00 10 2
   -5.0   32.35600
  -15.0   32.74504
  -25.0   33.00582
  -35.0   33.18063
  -45.0   33.29781
  -55.0   33.37636
  -65.0   33.42901
  -75.0   33.46430
  -85.0   33.48796
  -95.0   33.50382
1998-06-07 00:00:00 10 2
   -5.0   32.36818
  -15.0   32.75490
  -25.0   33.01412
  -35.0   33.18788
  -45.0   33.30436
  -55.0   33.38244
  -65.0   33.43477
  -75.0   33.46985
  -85.0   33.49337
  -95.0   33.50913
1998-06-08 00:00:00 10 2
   -5.0   32.38022
  -15.0   32.76465
  -25.0   33.02234
  -35.0   33.19508
  -45.0   33.31087
  -55.0   33.38848
  -65.0   33.44051
  -75.0   33.47538
  -85.0   33.49876
  -95.0   33.51443
1998-06-09 00:00:00 10 2
   -5.0   32.39210
  -15.0   32.77430
  -25.0   33.03049
  -35.0   33.20222
  -45.0   33.31733
  -55.0   33.39450
  -65.0   33.44622
  -75.0   33.48089
  -85.0   33.50413
  -95.0   33.51971
1998-06-10 00:00:00 10 2
   -5.0   32.40383
  -15.0   32.78383
  -25.0   33.03855
  -35.0   33.20930
  -45.0   33.32375
  -55.0   33.40048
  -65.0   33.45190
  -75.0   33.48638
  -85.0   33.50948
  -95.0   33.52497
1998-06-11 00:00:00 10 2
   -5.0   32.41539
  -15.0   32.79325
  -25.0   33.04654
  -35.0   33.21632
  -45.0   33.33013
  -55.0   33.40642
  -65.0   33.45756
  -75.0   33.49183
  -85.0   33.51481
  -95.0   33.53021
1998-06-12 00:00:00 10 2
   -5.0   32.42679
  -15.0   32.80256
  -25.0   33.05444
  -35.0   33.22328
  -45.0   33.33646
  -55.0   33.41232
  -65.0   33.46318
  -75.0   33.49727
  -85.0   33.52012
  -95.0   33.53543
1998-06-13 00:00:00 10 2
   -5.0   32.43803
  -15.0   32.81175
  -25.0   33.06225
  -35.0   33.23018
  -45.0   33.34274
  -55.0   33.41819
  -65.0   33.46877
  -75.0   33.50267
  -85.0   33.52539
  -95.0   33.54063
1998-06-14 00:00:00 10 2
   -5.0   32.44909
  -15.0   32.82081
  -25.0   33.06998
  -35.0   33.23701
  -45.0   33.34897
  -55.0   33.42401
  -65.0   33.47432
  -75.0   33.50804
  -85.0   33.53065
  -95.0   33.54580
1998-06-15 00:00:00 10 2
   -5.0   32.45998
  -15.0   32.82975
  -25.0   33.07762
  -35.0   33.24377
  -45.0   33.35514
  -55.0   33.42979
  -65.0   33.47984
  -75.0   33.51338
  -85.0   33.53587
  -95.0   33.55094
1998-06-16 00:00:00 10 2
   -5.0   32.47070
  -15.0   32.83857
  -25.0   33.08516
  -35.0   33.25046
  -45.0   33.36126
  -55.0   33.43553
  -65.0   33.48532
  -75.0   33.51869
  -85.0   33.54106
  -95.0   33.55606
1998-06-17 00:00:00 10 2
   -5.0   32.48123
  -15.0   32.84726
  -25.0   33.09261
  -35.0   33.25708
  -45.0   33.36732
  -55.0   33.44122
  -65.0   33.49076
  -75.0   33.52396
  -85.0   33.54622
  -95.0   33.56114
1998-06-18 00:00:00 10 2
   -5.0   32.49158
  -15.0   32.85581
  -25.0   33.09996
  -35.0   33.26362
  -45.0   33.37333
  -55.0   33.44686
  -65.0   33.49616
  -75.0   33.52920
  -85.0   33.55135
  -95.0   33.56619
1998-06-19 00:00:00 10 2
   -5.0   32.50174
  -15.0   32.86423
  -25.0   33.10721
  -35.0   33.27009
  -45.0   33.37927
  -55.0   33.45245
  -65.0   33.50151
  -75.0   33.53440
  -85.0   33.55644
  -95.0   33.57121
1998-06-20 00:00:00 10 2
   -5.0   32.51172
  -15.0   32.87251
  -25.0   33.11436
  -35.0   33.27648
  -45.0   33.38515
  -55.0   33.45799
  -65.0   33.50682
  -75.0   33.53955
  -85.0   33.56149
  -95.0   33.57620
1998-06-21 00:00:00 10 2
   -5.0   32.52150
  -15.0   32.88066
  -25.0   33.12141
  -35.0   33.28279
  -45.0   33.39097
  -55.0   33.46348
  -65.0   33.51209
  -75.0   33.54467
  -85.0   33.56651
  -95.0   33.58115
1998-06-22 00:00:00 10 2
   -5.0   32.53108
  -15.0   32.88866
  -25.0   33.12835
  -35.0   33.28902
  -45.0   33.39672
  -55.0   33.46891
  -65.0   33.51730
  -75.0   33.54974
  -85.0   33.57149
  -95.0   33.58606
1998-06-23 00:00:00 10 2
   -5.0   32.54047
  -15.0   32.89652
  -25.0   33.13518
  -35.0   33.29516
  -45.0   33.40240
  -55.0   33.47429
  -65.0   33.52247
  -75.0   33.55477
  -85.0   33.57642
  -95.0   33.59094
1998-06-24 00:00:00 10 2
   -5.0   32.54966
  -15.0   32.90423
  -25.0   33.14190
  -35.0   33.30122
  -45.0   33.40802
  -55.0   33.47960
  -65.0   33.52759
  -75.0   33.55976
  -85.0   33.58132
  -95.0   33.59577
1998-06-25 00:00:00 10 2
   -5.0   32.55864
  -15.0   32.91179
  -25.0   33.14852
  -35.0   33.30720
  -45.0   33.41356
  -55.0   33.48486
  -65.0   33.53266
  -75.0   33.56469
  -85.0   33.58617
  -95.0   33.60056
1998-06-26 00:00:00 10 2
   -5.0   32.56742
  -15.0   32.91920
  -25.0   33.15501
  -35.0   33.31308
  -45.0   33.41904
  -55.0   33.49006
  -65.0   33.53767
  -75.0   33.56958
  -85.0   33.59097
  -95.0   33.60531
1998-06-27 00:00:00 10 2
   -5.0   32.57599
  -15.0   32.92646
  -25.0   33.16139
  -35.0   33.31887
  -45.0   33.42443
  -55.0   33.49519
  -65.0   33.54262
  -75.0   33.57442
  -85.0   33.59573
  -95.0   33.61002
1998-06-28 00:00:00 10 2
   -5.0   32.58434
  -15.0   32.93357
  -25.0   33.16766
  -35.0   33.32457
  -45.0   33.42976
  -55.0   33.50026
  -65.0   33.54752
  -75.0   33.57921
  -85.0   33.60044
  -95.0   33.61468
1998-06-29 00:00:00 10 2
   -5.0   32.59249
  -15.0   32.94051
  -25.0   33.17380
  -35.0   33.33018
  -45.0   33.43500
  -55.0   33.50527
  -65.0   33.55237
  -75.0   33.58394
  -85.0   33.60510
  -95.0   33.61929
1998-06-30 00:00:00 10 2
   -5.0   32.60041
  -15.0   32.94730
  -25.0   33.17982
  -35.0   33.33569
  -45.0   33.44017
  -55.0   33.51020
  -65.0   33.55715
  -75.0   33.58862
  -85.0   33.60971
  -95.0   33.62385
1998-07-01 00:00:00 10 2
   -5.0   32.60812
  -15.0   32.95392
  -25.0   33.18572
  -35.0   33.34110
  -45.0   33.44525
  -55.0   33.51507
  -65.0   33.56187
  -75.0   33.59324
  -85.0   33.61427
  -95.0   33.62836
1998-07-02 00:00:00 10 2
   -5.0   32.61561
  -15.0   32.96039
  -25.0   33.19150
  -35.0   33.34641
  -45.0   33.45026
  -55.0   33.51987
  -65.0   33.56653
  -75.0   33.59781
  -85.0   33.61877
  -95.0   33.63283
1998-07-03 00:00:00 10 2
   -5.0   32.62287
  -15.0   32.96668
  -25.0   33.19714
  -35.0   33.35163
  -45.0   33.45518
  -55.0   33.52460
  -65.0   33.57112
  -75.0   33.60231
  -85.0   33.62322
  -95.0   33.63724
1998-07-04 00:00:00 10 2
   -5.0   32.62991
  -15.0   32.97281
  -25.0   33.20266
  -35.0   33.35674
  -45.0   33.46002
  -55.0   33.52925
  -65.0   33.57565
  -75.0   33.60676
  -85.0   33.62761
  -95.0   33.64159
1998-07-05 00:00:00 10 2
   -5.0   32.63672
  -15.0   32.97877
  -25.0   33.20805
  -35.0   33.36175
  -45.0   33.46477
  -55.0   33.53383
  -65.0   33.58012
  -75.0   33.61115
  -85.0   33.63195
  -95.0   33.64589
1998-07-06 00:00:00 10 2
   -5.0   32.64330
  -15.0   32.98456
  -25.0   33.21331
  -35.0   33.36665
  -45.0   33.46943
  -55.0   33.53833
  -65.0   33.58451
  -75.0   33.61547
  -85.0   33.63622
  -95.0   33.65013
1998-07-07 00:00:00 10 2
   -5.0   32.64966
  -15.0   32.99018
  -25.0   33.21844
  -35.0   33.37144
  -45.0   33.47401
  -55.0   33.54276
  -65.0   33.58884
  -75.0   33.61973
  -85.0   33.64044
  -95.0   33.65432
1998-07-08 00:00:00 10 2
   -5.0   32.65577
  -15.0   32.99562
  -25.0   33.22343
  -35.0   33.37613
  -45.0   33.47849
  -55.0   33.54710
  -65.0   33.59310
  -75.0   33.62393
  -85.0   33.64459
  -95.0   33.65845
1998-07-09 00:00:00 10 2
   -5.0   32.66166
  -15.0   33.00089
  -25.0   33.22828
  -35.0   33.38071
  -45.0   33.48288
  -55.0   33.55137
  -65.0   33.59728
  -75.0   33.62806
  -85.0   33.64869
  -95.0   33.66251
1998-07-10 00:00:00 10 2
   -5.0   32.66730
  -15.0   33.00598
  -25.0   33.23300
  -35.0   33.38518
  -45.0   33.48718
  -55.0   33.55556
  -65.0   33.60140
  -75.0   33.63212
  -85.0   33.65271
  -95.0   33.66652
1998-07-11 00:00:00 10 2
   -5.0   32.67271
  -15.0   33.01089
  -25.0   33.23758
  -35.0   33.38953
  -45.0   33.49139
  -55.0   33.55967
  -65.0   33.60543
  -75.0   33.63611
  -85.0   33.65668
  -95.0   33.67046
1998-07-12 00:00:00 10 2
   -5.0   32.67787
  -15.0   33.01562
  -25.0   33.24201
  -35.0   33.39377
  -45.0   33.49550
  -55.0   33.56369
  -65.0   33.60940
  -75.0   33.64004
  -85.0   33.66057
  -95.0   33.67434
1998-07-13 00:00:00 10 2
   -5.0   32.68280
  -15.0   33.02017
  -25.0   33.24631
  -35.0   33.39790
  -45.0   33.49951
  -55.0   33.56763
  -65.0   33.61328
  -75.0   33.64389
  -85.0   33.66440
  -95.0   33.67816
1998-07-14 00:00:00 10 2
   -5.0   32.68748
  -15.0   33.02453
  -25.0   33.25046
  -35.0   33.40191
  -45.0   33.50343
  -55.0   33.57148
  -65.0   33.61709
  -75.0   33.64767
  -85.0   33.66816
  -95.0   33.68190
1998-07-15 00:00:00 10 2
   -5.0   32.69192
  -15.0   33.02871
  -25.0   33.25447
  -35.0   33.40580
  -45.0   33.50724
  -55.0   33.57524
  -65.0   33.62082
  -75.0   33.65137
  -85.0   33.67186
  -95.0   33.68558
1998-07-16 00:00:00 10 2
   -5.0   32.69611
  -15.0   33.03271
  -25.0   33.25834
  -35.0   33.40958
  -45.0   33.51096
  -55.0   33.57892
  -65.0   33.62447
  -75.0   33.65501
  -85.0   33.67548
  -95.0   33.68920
1998-07-17 00:00:00 10 2
   -5.0   32.70006
  -15.0   33.03652
  -25.0   33.26205
  -35.0   33.41324
  -45.0   33.51458
  -55.0   33.58251
  -65.0   33.62804
  -75.0   33.65856
  -85.0   33.67902
  -95.0   33.69274
1998-07-18 00:00:00 10 2
   -5.0   32.70375
  -15.0   33.04014
  -25.0   33.26562
  -35.0   33.41677
  -45.0   33.51809
  -55.0   33.58600
  -65.0   33.63153
  -75.0   33.66204
  -85.0   33.68250
  -95.0   33.69621
1998-07-19 00:00:00 10 2
   -5.0   32.70720
  -15.0   33.04357
  -25.0   33.26905
  -35.0   33.42019
  -45.0   33.52150
  -55.0   33.58941
  -65.0   33.63493
  -75.0   33.66545
  -85.0   33.68590
  -95.0   33.69961
1998-07-20 00:00:00 10 2
   -5.0   32.71040
  -15.0   33.04681
  -25.0   33.27232
  -35.0   33.42348
  -45.0   33.52480
  -55.0   33.59272
  -65.0   33.63825
  -75.0   33.66877
  -85.0   33.68923
  -95.0   33.70294
1998-07-21 00:00:00 10 2
   -5.0   32.71334
  -15.0   33.04986
  -25.0   33.27544
  -35.0   33.42665
  -45.0   33.52800
  -55.0   33.59595
  -65.0   33.64149
  -75.0   33.67202
  -85.0   33.69248
  -95.0   33.70620
1998-07-22 00:00:00 10 2
   -5.0   32.71604
  -15.0   33.05272
  -25.0   33.27841
  -35.0   33.42969
  -45.0   33.53110
  -55.0   33.59907
  -65.0   33.64464
  -75.0   33.67518
  -85.0   33.69566
  -95.0   33.70938
1998-07-23 00:00:00 10 2
   -5.0   32.71848
  -15.0   33.05539
  -25.0   33.28123
  -35.0   33.43261
  -45.0   33.53408
  -55.0   33.60211
  -65.0   33.64770
  -75.0   33.67826
  -85.0   33.69875
  -95.0   33.71249
1998-07-24 00:00:00 10 2
   -5.0   32.72067
  -15.0   33.05786
  -25.0   33.28389
  -35.0   33.43540
  -45.0   33.53696
  -55.0   33.60504
  -65.0   33.65068
  -75.0   33.68127
  -85.0   33.70177
  -95.0   33.71552
1998-07-25 00:00:00 10 2
   -5.0   32.72260
  -15.0   33.06014
  -25.0   33.28640
  -35.0   33.43807
  -45.0   33.53973
  -55.0   33.60788
  -65.0   33.65356
  -75.0   33.68418
  -85.0   33.70471
  -95.0   33.71847
1998-07-26 00:00:00 10 2
   -5.0   32.72428
  -15.0   33.06222
  -25.0   33.28876
  -35.0   33.44061
  -45.0   33.54239
  -55.0   33.61062
  -65.0   33.65636
  -75.0   33.68702
  -85.0   33.70757
  -95.0   33.72134
1998-07-27 00:00:00 10 2
   -5.0   32.72570
  -15.0   33.06411
  -25.0   33.29096
  -35.0   33.44301
  -45.0   33.54494
  -55.0   33.61327
  -65.0   33.65907
  -75.0   33.68976
  -85.0   33.71034
  -95.0   33.72414
1998-07-28 00:00:00 10 2
   -5.0   32.72687
  -15.0   33.06581
  -25.0   33.29300
  -35.0   33.44529
  -45.0   33.54738
  -55.0   33.61581
  -65.0   33.66168
  -75.0   33.69243
  -85.0   33.71304
  -95.0   33.72685
1998-07-29 00:00:00 10 2
   -5.0   32.72778
  -15.0   33.06730
  -25.0   33.29489
  -35.0   33.44744
  -45.0   33.54971
  -55.0   33.61825
  -65.0   33.66420
  -75.0   33.69500
  -85.0   33.71565
  -95.0   33.72949
1998-07-30 00:00:00 10 2
   -5.0   32.72843
  -15.0   33.06860
  -25.0   33.29662
  -35.0   33.44946
  -45.0   33.55192
  -55.0   33.62060
  -65.0   33.66663
  -75.0   33.69749
  -85.0   33.71818
  -95.0   33.73204
1998-07-31 00:00:00 10 2
   -5.0   32.72883
  -15.0   33.06970
  -25.0   33.29819
  -35.0   33.45135
  -45.0   33.55402
  -55.0   33.62284
  -65.0   33.66897
  -75.0   33.69989
  -85.0   33.72062
  -95.0   33.73452
1998-08-01 00:00:00 10 2
   -5.0   32.72897
  -15.0   33.07060
  -25.0   33.29960
  -35.0   33.45311
  -45.0   33.55601
  -55.0   33.62498
  -65.0   33.67121
  -75.0   33.70221
  -85.0   33.72298
  -95.0   33.73691
1998-08-02 00:00:00 10 2
   -5.0   32.72886
  -15.0   33.07131
  -25.0   33.30086
  -35.0   33.45473
  -45.0   33.55788
  -55.0   33.62702
  -65.0   33.67336
  -75.0   33.70443
  -85.0   33.72525
  -95.0   33.73921
1998-08-03 00:00:00 10 2
   -5.0   32.72849
  -15.0   33.07182
  -25.0   33.30196
  -35.0   33.45622
  -45.0   33.55963
  -55.0   33.62895
  -65.0   33.67542
  -75.0   33.70656
  -85.0   33.72744
  -95.0   33.74143
1998-08-04 00:00:00 10 2
   -5.0   32.72786
  -15.0   33.07212
  -25.0   33.30289
  -35.0   33.45758
  -45.0   33.56127
  -55.0   33.63078
  -65.0   33.67737
  -75.0   33.70860
  -85.0   33.72954
  -95.0   33.74357
1998-08-05 00:00:00 10 2
   -5.0   32.72697
  -15.0   33.07224
  -25.0   33.30367
  -35.0   33.45881
  -45.0   33.56280
  -55.0   33.63251
  -65.0   33.67923
  -75.0   33.71055
  -85.0   33.73155
  -95.0   33.74562
1998-08-06 00:00:00 10 2
   -5.0   32.72583
  -15.0   33.07215
  -25.0   33.30429
  -35.0   33.45990
  -45.0   33.56421
  -55.0   33.63413
  -65.0   33.68100
  -75.0   33.71241
  -85.0   33.73347
  -95.0   33.74759
1998-08-07 00:00:00 10 2
   -5.0   32.72443
  -15.0   33.07186
  -25.0   33.30475
  -35.0   33.46086
  -45.0   33.56550
  -55.0   33.63564
  -65.0   33.68266
  -75.0   33.71418
  -85.0   33.73531
  -95.0   33.74947
1998-08-08 00:00:00 10 2
   -5.0   32.72278
  -15.0   33.07138
  -25.0   33.30504
  -35.0   33.46168
  -45.0   33.56667
  -55.0   33.63705
  -65.0   33.68423
  -75.0   33.71585
  -85.0   33.73705
  -95.0   33.75126
1998-08-09 00:00:00 10 2
   -5.0   32.72087
  -15.0   33.07069
  -25.0   33.30518
  -35.0   33.46237
  -45.0   33.56773
  -55.0   33.63835
  -65.0   33.68570
  -75.0   33.71743
  -85.0   33.73870
  -95.0   33.75296
1998-08-10 00:00:00 10 2
   -5.0   32.71871
  -15.0   33.06981
  -25.0   33.30516
  -35.0   33.46292
  -45.0   33.56867
  -55.0   33.63955
  -65.0   33.68707
  -75.0   33.71892
  -85.0   33.74027
  -95.0   33.75458
1998-08-11 00:00:00 10 2
   -5.0   32.71630
  -15.0   33.06873
  -25.0   33.30498
  -35.0   33.46333
  -45.0   33.56949
  -55.0   33.64064
  -65.0   33.68834
  -75.0   33.72031
  -85.0   33.74174
  -95.0   33.75611
1998-08-12 00:00:00 10 2
   -5.0   32.71363
  -15.0   33.06746
  -25.0   33.30463
  -35.0   33.46362
  -45.0   33.57019
  -55.0   33.64162
  -65.0   33.68951
  -75.0   33.72161
  -85.0   33.74312
  -95.0   33.75755
1998-08-13 00:00:00 10 2
   -5.0   32.71071
  -15.0   33.06598
  -25.0   33.30413
  -35.0   33.46376
  -45.0   33.57077
  -55.0   33.64250
  -65.0   33.69058
  -75.0   33.72281
  -85.0   33.74441
  -95.0   33.75889
1998-08-14 00:00:00 10 2
   -5.0   32.70754
  -15.0   33.06431
  -25.0   33.30346
  -35.0   33.46377
  -45.0   33.57123
  -55.0   33.64326
  -65.0   33.69155
  -75.0   33.72391
  -85.0   33.74561
  -95.0   33.76015
1998-08-15 00:00:00 10 2
   -5.0   32.70411
  -15.0   33.06245
  -25.0   33.30264
  -35.0   33.46365
  -45.0   33.57158
  -55.0   33.64392
  -65.0   33.69242
  -75.0   33.72492
  -85.0   33.74671
  -95.0   33.76132
1998-08-16 00:00:00 10 2
   -5.0   32.70044
  -15.0   33.06038
  -25.0   33.30166
  -35.0   33.46339
  -45.0   33.57180
  -55.0   33.64447
  -65.0   33.69319
  -75.0   33.72584
  -85.0   33.74773
  -95.0   33.76240
1998-08-17 00:00:00 10 2
   -5.0   32.69652
  -15.0   33.05813
  -25.0   33.30052
  -35.0   33.46300
  -45.0   33.57191
  -55.0   33.64491
  -65.0   33.69385
  -75.0   33.72666
  -85.0   33.74865
  -95.0   33.76338
1998-08-18 00:00:00 10 2
   -5.0   32.69236
  -15.0   33.05567
  -25.0   33.29922
  -35.0   33.46246
  -45.0   33.57189
  -55.0   33.64525
  -65.0   33.69442
  -75.0   33.72738
  -85.0   33.74947
  -95.0   33.76428
1998-08-19 00:00:00 10 2
   -5.0   32.68794
  -15.0   33.05303
  -25.0   33.29776
  -35.0   33.46180
  -45.0   33.57176
  -55.0   33.64547
  -65.0   33.69488
  -75.0   33.72800
  -85.0   33.75020
  -95.0   33.76508
1998-08-20 00:00:00 10 2
   -5.0   32.68328
  -15.0   33.05019
  -25.0   33.29614
  -35.0   33.46100
  -45.0   33.57151
  -55.0   33.64559
  -65.0   33.69524
  -75.0   33.72853
  -85.0   33.75084
  -95.0   33.76580
1998-08-21 00:00:00 10 2
   -5.0   32.67838
  -15.0   33.04716
  -25.0   33.29436
  -35.0   33.46007
  -45.0   33.57114
  -55.0   33.64559
  -65.0   33.69550
  -75.0   33.72896
  -85.0   33.75138
  -95.0   33.76642
1998-08-22 00:00:00 10 2
   -5.0   32.67324
  -15.0   33.04394
  -25.0   33.29243
  -35.0   33.45900
  -45.0   33.57065
  -55.0   33.64549
  -65.0   33.69566
  -75.0   33.72929
  -85.0   33.75183
  -95.0   33.76694
1998-08-23 00:00:00 10 2
   -5.0   32.66786
  -15.0   33.04053
  -25.0   33.29034
  -35.0   33.45779
  -45.0   33.57004
  -55.0   33.64528
  -65.0   33.69572
  -75.0   33.72953
  -85.0   33.75219
  -95.0   33.76738
1998-08-24 00:00:00 10 2
   -5.0   32.66224
  -15.0   33.03693
  -25.0   33.28810
  -35.0   33.45646
  -45.0   33.56931
  -55.0   33.64496
  -65.0   33.69567
  -75.0   33.72966
  -85.0   33.75245
  -95.0   33.76772
1998-08-25 00:00:00 10 2
   -5.0   32.65638
  -15.0   33.03314
  -25.0   33.28570
  -35.0   33.45499
  -45.0   33.56847
  -55.0   33.64453
  -65.0   33.69552
  -75.0   33.72970
  -85.0   33.75261
  -95.0   33.76797
1998-08-26 00:00:00 10 2
   -5.0   32.65029
  -15.0   33.02917
  -25.0   33.28314
  -35.0   33.45338
  -45.0   33.56750
  -55.0   33.64400
  -65.0   33.69527
  -75.0   33.72964
  -85.0   33.75268
  -95.0   33.76813
1998-08-27 00:00:00 10 2
   -5.0   32.64396
  -15.0   33.02501
  -25.0   33.28043
  -35.0   33.45165
  -45.0   33.56642
  -55.0   33.64335
  -65.0   33.69492
  -75.0   33.72949
  -85.0   33.75266
  -95.0   33.76819
1998-08-28 00:00:00 10 2
   -5.0   32.63740
  -15.0   33.02066
  -25.0   33.27757
  -35.0   33.44978
  -45.0   33.56522
  -55.0   33.64260
  -65.0   33.69447
  -75.0   33.72924
  -85.0   33.75254
  -95.0   33.76817
1998-08-29 00:00:00 10 2
   -5.0   32.63061
  -15.0   33.01613
  -25.0   33.27456
  -35.0   33.44779
  -45.0   33.56390
  -55.0   33.64174
  -65.0   33.69391
  -75.0   33.72889
  -85.0   33.75233
  -95.0   33.76805
1998-08-30 00:00:00 10 2
   -5.0   32.62360
  -15.0   33.01142
  -25.0   33.27139
  -35.0   33.44566
  -45.0   33.56247
  -55.0   33.64077
  -65.0   33.69326
  -75.0   33.72844
  -85.0   33.75202
  -95.0   33.76783
1998-08-31 00:00:00 10 2
   -5.0   32.61635
  -15.0   33.00653
  -25.0   33.26808
  -35.0   33.44340
  -45.0   33.56092
  -55.0   33.63969
  -65.0   33.69250
  -75.0   33.72789
  -85.0   33.75162
  -95.0   33.76753
1998-09-01 00:00:00 10 2
   -5.0   32.60889
  -15.0   33.00146
  -25.0   33.26461
  -35.0   33.44101
  -45.0   33.55925
  -55.0   33.63851
  -65.0   33.69164
  -75.0   33.72725
  -85.0   33.75113
  -95.0   33.76713
1998-09-02 00:00:00 10 2
   -5.0   32.60120
  -15.0   32.99622
  -25.0   33.26100
  -35.0   33.43849
  -45.0   33.55747
  -55.0   33.63722
  -65.0   33.69068
  -75.0   33.72651
  -85.0   33.75054
  -95.0   33.76664
1998-09-03 00:00:00 10 2
   -5.0   32.59330
  -15.0   32.99079
  -25.0   33.25724
  -35.0   33.43585
  -45.0   33.55557
  -55.0   33.63582
  -65.0   33.68962
  -75.0   33.72568
  -85.0   33.74985
  -95.0   33.76605
1998-09-04 00:00:00 10 2
   -5.0   32.58518
  -15.0   32.98520
  -25.0   33.25334
  -35.0   33.43308
  -45.0   33.55356
  -55.0   33.63432
  -65.0   33.68846
  -75.0   33.72475
  -85.0   33.74907
  -95.0   33.76538
1998-09-05 00:00:00 10 2
   -5.0   32.57684
  -15.0   32.97943
  -25.0   33.24929
  -35.0   33.43018
  -45.0   33.55143
  -55.0   33.63271
  -65.0   33.68720
  -75.0   33.72372
  -85.0   33.74820
  -95.0   33.76461
1998-09-06 00:00:00 10 2
   -5.0   32.56830
  -15.0   32.97348
  -25.0   33.24509
  -35.0   33.42715
  -45.0   33.54920
  -55.0   33.63100
  -65.0   33.68584
  -75.0   33.72260
  -85.0   33.74724
  -95.0   33.76375
1998-09-07 00:00:00 10 2
   -5.0   32.55954
  -15.0   32.96737
  -25.0   33.24075
  -35.0   33.42401
  -45.0   33.54684
  -55.0   33.62918
  -65.0   33.68438
  -75.0   33.72138
  -85.0   33.74618
  -95.0   33.76280
1998-09-08 00:00:00 10 2
   -5.0   32.55058
  -15.0   32.96110
  -25.0   33.23628
  -35.0   33.42074
  -45.0   33.54438
  -55.0   33.62726
  -65.0   33.68282
  -75.0   33.72006
  -85.0   33.74503
  -95.0   33.76176
1998-09-09 00:00:00 10 2
   -5.0   32.54141
  -15.0   32.95465
  -25.0   33.23166
  -35.0   33.41734
  -45.0   33.54181
  -55.0   33.62524
  -65.0   33.68117
  -75.0   33.71865
  -85.0   33.74378
  -95.0   33.76063
1998-09-10 00:00:00 10 2
   -5.0   32.53204
  -15.0   32.94805
  -25.0   33.22690
  -35.0   33.41382
  -45.0   33.53912
  -55.0   33.62311
  -65.0   33.67941
  -75.0   33.71715
  -85.0   33.74245
  -95.0   33.75941
1998-09-11 00:00:00 10 2
   -5.0   32.52248
  -15.0   32.94128
  -25.0   33.22201
  -35.0   33.41019
  -45.0   33.53633
  -55.0   33.62088
  -65.0   33.67756
  -75.0   33.71555
  -85.0   33.74102
  -95.0   33.75809
1998-09-12 00:00:00 10 2
   -5.0   32.51271
  -15.0   32.93435
  -25.0   33.21698
  -35.0   33.40643
  -45.0   33.53343
  -55.0   33.61855
  -65.0   33.67561
  -75.0   33.71386
  -85.0   33.73950
  -95.0   33.75669
1998-09-13 00:00:00 10 2
   -5.0   32.50276
  -15.0   32.92726
  -25.0   33.21182
  -35.0   33.40256
  -45.0   33.53042
  -55.0   33.61612
  -65.0   33.67357
  -75.0   33.71208
  -85.0   33.73790
  -95.0   33.75520
1998-09-14 00:00:00 10 2
   -5.0   32.49262
  -15.0   32.92002
  -25.0   33.20652
  -35.0   33.39857
  -45.0   33.52730
  -55.0   33.61359
  -65.0   33.67143
  -75.0   33.71021
  -85.0   33.73620
  -95.0   33.75362
1998-09-15 00:00:00 10 2
   -5.0   32.48228
  -15.0   32.91263
  -25.0   33.20109
  -35.0   33.39446
  -45.0   33.52407
  -55.0   33.61096
  -65.0   33.66920
  -75.0   33.70824
  -85.0   33.73441
  -95.0   33.75195
1998-09-16 00:00:00 10 2
   -5.0   32.47177
  -15.0   32.90508
  -25.0   33.19554
  -35.0   33.39023
  -45.0   33.52074
  -55.0   33.60823
  -65.0   33.66687
  -75.0   33.70618
  -85.0   33.73253
  -95.0   33.75019
1998-09-17 00:00:00 10 2
   -5.0   32.46108
  -15.0   32.89738
  -25.0   33.18985
  -35.0   33.38590
  -45.0   33.51731
  -55.0   33.60540
  -65.0   33.66445
  -75.0   33.70403
  -85.0   33.73056
  -95.0   33.74835
1998-09-18 00:00:00 10 2
   -5.0   32.45020
  -15.0   32.88954
  -25.0   33.18404
  -35.0   33.38145
  -45.0   33.51378
  -55.0   33.60248
  -65.0   33.66194
  -75.0   33.70179
  -85.0   33.72851
  -95.0   33.74642
1998-09-19 00:00:00 10 2
   -5.0   32.43916
  -15.0   32.88156
  -25.0   33.17811
  -35.0   33.37689
  -45.0   33.51014
  -55.0   33.59946
  -65.0   33.65933
  -75.0   33.69946
  -85.0   33.72637
  -95.0   33.74440
1998-09-20 00:00:00 10 2
   -5.0   32.42794
  -15.0   32.87343
  -25.0   33.17205
  -35.0   33.37222
  -45.0   33.50640
  -55.0   33.59634
  -65.0   33.65663
  -75.0   33.69705
  -85.0   33.72414
  -95.0   33.74230
1998-09-21 00:00:00 10 2
   -5.0   32.41655
  -15.0   32.86516
  -25.0   33.16587
  -35.0   33.36744
  -45.0   33.50256
  -55.0   33.59313
  -65.0   33.65384
  -75.0   33.69454
  -85.0   33.72182
  -95.0   33.74011
1998-09-22 00:00:00 10 2
   -5.0   32.40501
  -15.0   32.85676
  -25.0   33.15957
  -35.0   33.36256
  -45.0   33.49862
  -55.0   33.58983
  -65.0   33.65097
  -75.0   33.69195
  -85.0   33.71942
  -95.0   33.73783
1998-09-23 00:00:00 10 2
   -5.0   32.39330
  -15.0   32.84822
  -25.0   33.15316
  -35.0   33.35757
  -45.0   33.49459
  -55.0   33.58643
  -65.0   33.64800
  -75.0   33.68927
  -85.0   33.71693
  -95.0   33.73548
1998-09-24 00:00:00 10 2
   -5.0   32.38143
  -15.0   32.83954
  -25.0   33.14663
  -35.0   33.35247
  -45.0   33.49046
  -55.0   33.58295
  -65.0   33.64495
  -75.0   33.68651
  -85.0   33.71436
  -95.0   33.73304
1998-09-25 00:00:00 10 2
   -5.0   32.36941
  -15.0   32.83074
  -25.0   33.13999
  -35.0   33.34728
  -45.0   33.48623
  -55.0   33.57937
  -65.0   33.64181
  -75.0   33.68366
  -85.0   33.71171
  -95.0   33.73052
1998-09-26 00:00:00 10 2
   -5.0   32.35724
  -15.0   32.82182
  -25.0   33.13323
  -35.0   33.34198
  -45.0   33.48191
  -55.0   33.57571
  -65.0   33.63858
  -75.0   33.68072
  -85.0   33.70898
  -95.0   33.72791
1998-09-27 00:00:00 10 2
   -5.0   32.34492
  -15.0   32.81276
  -25.0   33.12637
  -35.0   33.33658
  -45.0   33.47750
  -55.0   33.57195
  -65.0   33.63527
  -75.0   33.67771
  -85.0   33.70616
  -95.0   33.72523
1998-09-28 00:00:00 10 2
   -5.0   32.33246
  -15.0   32.80359
  -25.0   33.11940
  -35.0   33.33109
  -45.0   33.47299
  -55.0   33.56811
  -65.0   33.63187
  -75.0   33.67461
  -85.0   33.70326
  -95.0   33.72246
1998-09-29 00:00:00 10 2
   -5.0   32.31986
  -15.0   32.79430
  -25.0   33.11232
  -35.0   33.32550
  -45.0   33.46840
  -55.0   33.56418
  -65.0   33.62839
  -75.0   33.67143
  -85.0   33.70028
  -95.0   33.71962
1998-09-30 00:00:00 10 2
   -5.0   32.30712
  -15.0   32.78489
  -25.0   33.10514
  -35.0   33.31981
  -45.0   33.46371
  -55.0   33.56017
  -65.0   33.62483
  -75.0   33.66817
  -85.0   33.69723
  -95.0   33.71670
1998-10-01 00:00:00 10 2
   -5.0   32.29426
  -15.0   32.77536
  -25.0   33.09786
  -35.0   33.31404
  -45.0   33.45894
  -55.0   33.55608
  -65.0   33.62119
  -75.0   33.66483
  -85.0   33.69409
  -95.0   33.71370
1998-10-02 00:00:00 10 2
   -5.0   32.28126
  -15.0   32.76573
  -25.0   33.09048
  -35.0   33.30817
  -45.0   33.45409
  -55.0   33.55190
  -65.0   33.61747
  -75.0   33.66142
  -85.0   33.69088
  -95.0   33.71062
1998-10-03 00:00:00 10 2
   -5.0   32.26814
  -15.0   32.75599
  -25.0   33.08301
  -35.0   33.30221
  -45.0   33.44915
  -55.0   33.54764
  -65.0   33.61367
  -75.0   33.65792
  -85.0   33.68759
  -95.0   33.70747
1998-10-04 00:00:00 10 2
   -5.0   32.25490
  -15.0   32.74615
  -25.0   33.07544
  -35.0   33.29616
  -45.0   33.44412
  -55.0   33.54330
  -65.0   33.60979
  -75.0   33.65435
  -85.0   33.68422
  -95.0   33.70425
1998-10-05 00:00:00 10 2
   -5.0   32.24155
  -15.0   32.73620
  -25.0   33.06777
  -35.0   33.29003
  -45.0   33.43902
  -55.0   33.53889
  -65.0   33.60583
  -75.0   33.65070
  -85.0   33.68078
  -95.0   33.70095
1998-10-06 00:00:00 10 2
   -5.0   32.22808
  -15.0   32.72615
  -25.0   33.06002
  -35.0   33.28382
  -45.0   33.43383
  -55.0   33.53439
  -65.0   33.60180
  -75.0   33.64698
  -85.0   33.67727
  -95.0   33.69757
1998-10-07 00:00:00 10 2
   -5.0   32.21450
  -15.0   32.71601
  -25.0   33.05218
  -35.0   33.27752
  -45.0   33.42857
  -55.0   33.52982
  -65.0   33.59770
  -75.0   33.64319
  -85.0   33.67369
  -95.0   33.69413
1998-10-08 00:00:00 10 2
   -5.0   32.20082
  -15.0   32.70578
  -25.0   33.04425
  -35.0   33.27114
  -45.0   33.42323
  -55.0   33.52518
  -65.0   33.59352
  -75.0   33.63933
  -85.0   33.67003
  -95.0   33.69062
1998-10-09 00:00:00 10 2
   -5.0   32.18704
  -15.0   32.69545
  -25.0   33.03625
  -35.0   33.26469
  -45.0   33.41782
  -55.0   33.52046
  -65.0   33.58927
  -75.0   33.63539
  -85.0   33.66631
  -95.0   33.68703
1998-10-10 00:00:00 10 2
   -5.0   32.17317
  -15.0   32.68504
  -25.0   33.02816
  -35.0   33.25816
  -45.0   33.41233
  -55.0   33.51567
  -65.0   33.58495
  -75.0   33.63138
  -85.0   33.66251
  -95.0   33.68338
1998-10-11 00:00:00 10 2
   -5.0   32.15920
  -15.0   32.67454
  -25.0   33.01999
  -35.0   33.25155
  -45.0   33.40677
  -55.0   33.51081
  -65.0   33.58056
  -75.0   33.62731
  -85.0   33.65865
  -95.0   33.67965
1998-10-12 00:00:00 10 2
   -5.0   32.14514
  -15.0   32.66397
  -25.0   33.01175
  -35.0   33.24487
  -45.0   33.40114
  -55.0   33.50589
  -65.0   33.57610
  -75.0   33.62317
  -85.0   33.65472
  -95.0   33.67587
1998-10-13 00:00:00 10 2
   -5.0   32.13100
  -15.0   32.65331
  -25.0   33.00343
  -35.0   33.23812
  -45.0   33.39544
  -55.0   33.50089
  -65.0   33.57158
  -75.0   33.61896
  -85.0   33.65072
  -95.0   33.67201
1998-10-14 00:00:00 10 2
   -5.0   32.11678
  -15.0   32.64258
  -25.0   32.99504
  -35.0   33.23130
  -45.0   33.38967
  -55.0   33.49583
  -65.0   33.56699
  -75.0   33.61469
  -85.0   33.64666
  -95.0   33.66810
1998-10-15 00:00:00 10 2
   -5.0   32.10248
  -15.0   32.63179
  -25.0   32.98659
  -35.0   33.22442
  -45.0   33.38384
  -55.0   33.49070
  -65.0   33.56234
  -75.0   33.61035
  -85.0   33.64254
  -95.0   33.66412
1998-10-16 00:00:00 10 2
   -5.0   32.08812
  -15.0   32.62092
  -25.0   32.97807
  -35.0   33.21747
  -45.0   33.37794
  -55.0   33.48551
  -65.0   33.55762
  -75.0   33.60596
  -85.0   33.63836
  -95.0   33.66007
1998-10-17 00:00:00 10 2
   -5.0   32.07368
  -15.0   32.60999
  -25.0   32.96948
  -35.0   33.21046
  -45.0   33.37199
  -55.0   33.48026
  -65.0   33.55285
  -75.0   33.60150
  -85.0   33.63411
  -95.0   33.65597
1998-10-18 00:00:00 10 2
   -5.0   32.05919
  -15.0   32.59899
  -25.0   32.96083
  -35.0   33.20338
  -45.0   33.36597
  -55.0   33.47495
  -65.0   33.54801
  -75.0   33.59698
  -85.0   33.62980
  -95.0   33.65181
1998-10-19 00:00:00 10 2
   -5.0   32.04463
  -15.0   32.58794
  -25.0   32.95213
  -35.0   33.19625
  -45.0   33.35989
  -55.0   33.46959
  -65.0   33.54311
  -75.0   33.59240
  -85.0   33.62544
  -95.0   33.64759
1998-10-20 00:00:00 10 2
   -5.0   32.03003
  -15.0   32.57683
  -25.0   32.94337
  -35.0   33.18907
  -45.0   33.35376
  -55.0   33.46416
  -65.0   33.53816
  -75.0   33.58777
  -85.0   33.62102
  -95.0   33.64331
1998-10-21 00:00:00 10 2
   -5.0   32.01537
  -15.0   32.56568
  -25.0   32.93456
  -35.0   33.18183
  -45.0   33.34758
  -55.0   33.45868
  -65.0   33.53316
  -75.0   33.58308
  -85.0   33.61654
  -95.0   33.63898
1998-10-22 00:00:00 10 2
   -5.0   32.00067
  -15.0   32.55447
  -25.0   32.92569
  -35.0   33.17453
  -45.0   33.34134
  -55.0   33.45315
  -65.0   33.52810
  -75.0   33.57834
  -85.0   33.61201
  -95.0   33.63459
1998-10-23 00:00:00 10 2
   -5.0   31.98592
  -15.0   32.54322
  -25.0   32.91678
  -35.0   33.16719
  -45.0   33.33505
  -55.0   33.44756
  -65.0   33.52298
  -75.0   33.57354
  -85.0   33.60743
  -95.0   33.63015
1998-10-24 00:00:00 10 2
   -5.0   31.97114
  -15.0   32.53192
  -25.0   32.90783
  -35.0   33.15980
  -45.0   33.32871
  -55.0   33.44193
  -65.0   33.51782
  -75.0   33.56869
  -85.0   33.60280
  -95.0   33.62565
1998-10-25 00:00:00 10 2
   -5.0   31.95633
  -15.0   32.52059
  -25.0   32.89883
  -35.0   33.15237
  -45.0   33.32232
  -55.0   33.43624
  -65.0   33.51261
  -75.0   33.56380
  -85.0   33.59811
  -95.0   33.62111
1998-10-26 00:00:00 10 2
   -5.0   31.94149
  -15.0   32.50922
  -25.0   32.88979
  -35.0   33.14489
  -45.0   33.31589
  -55.0   33.43051
  -65.0   33.50735
  -75.0   33.55885
  -85.0   33.59338
  -95.0   33.61652
1998-10-27 00:00:00 10 2
   -5.0   31.92662
  -15.0   32.49783
  -25.0   32.88071
  -35.0   33.13737
  -45.0   33.30941
  -55.0   33.42474
  -65.0   33.50204
  -75.0   33.55386
  -85.0   33.58859
  -95.0   33.61188
1998-10-28 00:00:00 10 2
   -5.0   31.91174
  -15.0   32.48640
  -25.0   32.87160
  -35.0   33.12981
  -45.0   33.30290
  -55.0   33.41892
  -65.0   33.49669
  -75.0   33.54882
  -85.0   33.58377
  -95.0   33.60719
1998-10-29 00:00:00 10 2
   -5.0   31.89684
  -15.0   32.47495
  -25.0   32.86246
  -35.0   33.12222
  -45.0   33.29634
  -55.0   33.41306
  -65.0   33.49130
  -75.0   33.54374
  -85.0   33.57889
  -95.0   33.60246
1998-10-30 00:00:00 10 2
   -5.0   31.88194
  -15.0   32.46347
  -25.0   32.85329
  -35.0   33.11459
  -45.0   33.28975
  -55.0   33.40716
  -65.0   33.48586
  -75.0   33.53862
  -85.0   33.57398
  -95.0   33.59768
1998-10-31 00:00:00 10 2
   -5.0   31.86702
  -15.0   32.45198
  -25.0   32.84409
  -35.0   33.10693
  -45.0   33.28312
  -55.0   33.40122
  -65.0   33.48038
  -75.0   33.53345
  -85.0   33.56902
  -95.0   33.59287
1998-11-01 00:00:00 10 2
   -5.0   31.85211
  -15.0   32.44048
  -25.0   32.83487
  -35.0   33.09924
  -45.0   33.27645
  -55.0   33.39524
  -65.0   33.47487
  -75.0   33.52825
  -85.0   33.56403
  -95.0   33.58801
1998-11-02 00:00:00 10 2
   -5.0   31.83720
  -15.0   32.42896
  -25.0   32.82563
  -35.0   33.09152
  -45.0   33.26976
  -55.0   33.38923
  -65.0   33.46932
  -75.0   33.52300
  -85.0   33.55899
  -95.0   33.58311
1998-11-03 00:00:00 10 2
   -5.0   31.82229
  -15.0   32.41743
  -25.0   32.81637
  -35.0   33.08378
  -45.0   33.26303
  -55.0   33.38319
  -65.0   33.46374
  -75.0   33.51773
  -85.0   33.55392
  -95.0   33.57818
1998-11-04 00:00:00 10 2
   -5.0   31.80740
  -15.0   32.40590
  -25.0   32.80709
  -35.0   33.07602
  -45.0   33.25628
  -55.0   33.37712
  -65.0   33.45812
  -75.0   33.51241
  -85.0   33.54881
  -95.0   33.57320
1998-11-05 00:00:00 10 2
   -5.0   31.79252
  -15.0   32.39437
  -25.0   32.79780
  -35.0   33.06823
  -45.0   33.24950
  -55.0   33.37102
  -65.0   33.45247
  -75.0   33.50707
  -85.0   33.54366
  -95.0   33.56820
1998-11-06 00:00:00 10 2
   -5.0   31.77767
  -15.0   32.38284
  -25.0   32.78850
  -35.0   33.06043
  -45.0   33.24270
  -55.0   33.36488
  -65.0   33.44679
  -75.0   33.50169
  -85.0   33.53849
  -95.0   33.56316
1998-11-07 00:00:00 10 2
   -5.0   31.76284
  -15.0   32.37132
  -25.0   32.77920
  -35.0   33.05261
  -45.0   33.23588
  -55.0   33.35873
  -65.0   33.44108
  -75.0   33.49628
  -85.0   33.53328
  -95.0   33.55808
1998-11-08 00:00:00 10 2
   -5.0   31.74804
  -15.0   32.35981
  -25.0   32.76989
  -35.0   33.04477
  -45.0   33.22904
  -55.0   33.35255
  -65.0   33.43534
  -75.0   33.49084
  -85.0   33.52804
  -95.0   33.55298
1998-11-09 00:00:00 10 2
   -5.0   31.73327
  -15.0   32.34831
  -25.0   32.76058
  -35.0   33.03693
  -45.0   33.22217
  -55.0   33.34635
  -65.0   33.42958
  -75.0   33.48538
  -85.0   33.52278
  -95.0   33.54785
1998-11-10 00:00:00 10 2
   -5.0   31.71854
  -15.0   32.33682
  -25.0   32.75127
  -35.0   33.02908
  -45.0   33.21530
  -55.0   33.34013
  -65.0   33.42380
  -75.0   33.47989
  -85.0   33.51749
  -95.0   33.54269
1998-11-11 00:00:00 10 2
   -5.0   31.70386
  -15.0   32.32536
  -25.0   32.74196
  -35.0   33.02122
  -45.0   33.20841
  -55.0   33.33389
  -65.0   33.41800
  -75.0   33.47438
  -85.0   33.51217
  -95.0   33.53750
1998-11-12 00:00:00 10 2
   -5.0   31.68922
  -15.0   32.31391
  -25.0   32.73266
  -35.0   33.01335
  -45.0   33.20151
  -55.0   33.32763
  -65.0   33.41217
  -75.0   33.46884
  -85.0   33.50683
  -95.0   33.53229
1998-11-13 00:00:00 10 2
   -5.0   31.67463
  -15.0   32.30250
  -25.0   32.72337
  -35.0   33.00549
  -45.0   33.19459
  -55.0   33.32136
  -65.0   33.40633
  -75.0   33.46329
  -85.0   33.50147
  -95.0   33.52706
1998-11-14 00:00:00 10 2
   -5.0   31.66010
  -15.0   32.29111
  -25.0   32.71409
  -35.0   32.99762
  -45.0   33.18768
  -55.0   33.31507
  -65.0   33.40047
  -75.0   33.45772
  -85.0   33.49609
  -95.0   33.52181
1998-11-15 00:00:00 10 2
   -5.0   31.64563
  -15.0   32.27976
  -25.0   32.70482
  -35.0   32.98976
  -45.0   33.18075
  -55.0   33.30878
  -65.0   33.39460
  -75.0   33.45213
  -85.0   33.49069
  -95.0   33.51654
1998-11-16 00:00:00 10 2
   -5.0   31.63122
  -15.0   32.26844
  -25.0   32.69558
  -35.0   32.98190
  -45.0   33.17382
  -55.0   33.30248
  -65.0   33.38871
  -75.0   33.44652
  -85.0   33.48527
  -95.0   33.51124
1998-11-17 00:00:00 10 2
   -5.0   31.61688
  -15.0   32.25716
  -25.0   32.68635
  -35.0   32.97405
  -45.0   33.16689
  -55.0   33.29616
  -65.0   33.38282
  -75.0   33.44090
  -85.0   33.47984
  -95.0   33.50594
1998-11-18 00:00:00 10 2
   -5.0   31.60262
  -15.0   32.24593
  -25.0   32.67715
  -35.0   32.96621
  -45.0   33.15997
  -55.0   33.28985
  -65.0   33.37691
  -75.0   33.43527
  -85.0   33.47439
  -95.0   33.50061
1998-11-19 00:00:00 10 2
   -5.0   31.58843
  -15.0   32.23474
  -25.0   32.66797
  -35.0   32.95838
  -45.0   33.15304
  -55.0   33.28353
  -65.0   33.37100
  -75.0   33.42963
  -85.0   33.46893
  -95.0   33.49528
1998-11-20 00:00:00 10 2
   -5.0   31.57432
  -15.0   32.22360
  -25.0   32.65882
  -35.0   32.95056
  -45.0   33.14612
  -55.0   33.27721
  -65.0   33.36508
  -75.0   33.42398
  -85.0   33.46346
  -95.0   33.48993
1998-11-21 00:00:00 10 2
   -5.0   31.56030
  -15.0   32.21251
  -25.0   32.64971
  -35.0   32.94276
  -45.0   33.13921
  -55.0   33.27089
  -65.0   33.35915
  -75.0   33.41832
  -85.0   33.45798
  -95.0   33.48457
1998-11-22 00:00:00 10 2
   -5.0   31.54637
  -15.0   32.20148
  -25.0   32.64062
  -35.0   32.93499
  -45.0   33.13230
  -55.0   33.26457
  -65.0   33.35323
  -75.0   33.41266
  -85.0   33.45250
  -95.0   33.47920
1998-11-23 00:00:00 10 2
   -5.0   31.53253
  -15.0   32.19051
  -25.0   32.63158
  -35.0   32.92723
  -45.0   33.12541
  -55.0   33.25825
  -65.0   33.34730
  -75.0   33.40699
  -85.0   33.44701
  -95.0   33.47383
1998-11-24 00:00:00 10 2
   -5.0   31.51879
  -15.0   32.17961
  -25.0   32.62257
  -35.0   32.91949
  -45.0   33.11853
  -55.0   33.25195
  -65.0   33.34138
  -75.0   33.40133
  -85.0   33.44151
  -95.0   33.46845
1998-11-25 00:00:00 10 2
   -5.0   31.50515
  -15.0   32.16877
  -25.0   32.61360
  -35.0   32.91178
  -45.0   33.11166
  -55.0   33.24565
  -65.0   33.33546
  -75.0   33.39566
  -85.0   33.43601
  -95.0   33.46306
1998-11-26 00:00:00 10 2
   -5.0   31.49161
  -15.0   32.15799
  -25.0   32.60468
  -35.0   32.90410
  -45.0   33.10481
  -55.0   33.23935
  -65.0   33.32954
  -75.0   33.38999
  -85.0   33.43051
  -95.0   33.45768
1998-11-27 00:00:00 10 2
   -5.0   31.47819
  -15.0   32.14729
  -25.0   32.59581
  -35.0   32.89646
  -45.0   33.09799
  -55.0   33.23308
  -65.0   33.32363
  -75.0   33.38433
  -85.0   33.42502
  -95.0   33.45229
1998-11-28 00:00:00 10 2
   -5.0   31.46488
  -15.0   32.13667
  -25.0   32.58698
  -35.0   32.88884
  -45.0   33.09118
  -55.0   33.22681
  -65.0   33.31773
  -75.0   33.37867
  -85.0   33.41952
  -95.0   33.44690
1998-11-29 00:00:00 10 2
   -5.0   31.45169
  -15.0   32.12612
  -25.0   32.57821
  -35.0   32.88126
  -45.0   33.08439
  -55.0   33.22056
  -65.0   33.31183
  -75.0   33.37302
  -85.0   33.41403
  -95.0   33.44152
1998-11-30 00:00:00 10 2
   -5.0   31.43862
  -15.0   32.11566
  -25.0   32.56950
  -35.0   32.87371
  -45.0   33.07763
  -55.0   33.21433
  -65.0   33.30595
  -75.0   33.36737
  -85.0   33.40854
  -95.0   33.43614
1998-12-01 00:00:00 10 2
   -5.0   31.42567
  -15.0   32.10528
  -25.0   32.56084
  -35.0   32.86621
  -45.0   33.07090
  -55.0   33.20811
  -65.0   33.30009
  -75.0   33.36174
  -85.0   33.40307
  -95.0   33.43077
1998-12-02 00:00:00 10 2
   -5.0   31.41286
  -15.0   32.09499
  -25.0   32.55224
  -35.0   32.85874
  -45.0   33.06420
  -55.0   33.20192
  -65.0   33.29423
  -75.0   33.35612
  -85.0   33.39760
  -95.0   33.42540
1998-12-03 00:00:00 10 2
   -5.0   31.40018
  -15.0   32.08479
  -25.0   32.54370
  -35.0   32.85132
  -45.0   33.05752
  -55.0   33.19575
  -65.0   33.28840
  -75.0   33.35051
  -85.0   33.39214
  -95.0   33.42004
1998-12-04 00:00:00 10 2
   -5.0   31.38763
  -15.0   32.07469
  -25.0   32.53523
  -35.0   32.84395
  -45.0   33.05089
  -55.0   33.18960
  -65.0   33.28258
  -75.0   33.34491
  -85.0   33.38669
  -95.0   33.41470
1998-12-05 00:00:00 10 2
   -5.0   31.37523
  -15.0   32.06468
  -25.0   32.52683
  -35.0   32.83662
  -45.0   33.04428
  -55.0   33.18348
  -65.0   33.27679
  -75.0   33.33933
  -85.0   33.38126
  -95.0   33.40936
1998-12-06 00:00:00 10 2
   -5.0   31.36297
  -15.0   32.05477
  -25.0   32.51850
  -35.0   32.82935
  -45.0   33.03771
  -55.0   33.17739
  -65.0   33.27101
  -75.0   33.33377
  -85.0   33.37584
  -95.0   33.40404
1998-12-07 00:00:00 10 2
   -5.0   31.35086
  -15.0   32.04497
  -25.0   32.51024
  -35.0   32.82213
  -45.0   33.03119
  -55.0   33.17132
  -65.0   33.26526
  -75.0   33.32823
  -85.0   33.37044
  -95.0   33.39873
1998-12-08 00:00:00 10 2
   -5.0   31.33890
  -15.0   32.03527
  -25.0   32.50206
  -35.0   32.81496
  -45.0   33.02470
  -55.0   33.16529
  -65.0   33.25954
  -75.0   33.32271
  -85.0   33.36506
  -95.0   33.39344
1998-12-09 00:00:00 10 2
   -5.0   31.32709
  -15.0   32.02568
  -25.0   32.49395
  -35.0   32.80785
  -45.0   33.01826
  -55.0   33.15930
  -65.0   33.25384
  -75.0   33.31721
  -85.0   33.35970
  -95.0   33.38817
1998-12-10 00:00:00 10 2
   -5.0   31.31545
  -15.0   32.01620
  -25.0   32.48593
  -35.0   32.80079
  -45.0   33.01186
  -55.0   33.15334
  -65.0   33.24817
  -75.0   33.31174
  -85.0   33.35436
  -95.0   33.38292
1998-12-11 00:00:00 10 2
   -5.0   31.30396
  -15.0   32.00683
  -25.0   32.47798
  -35.0   32.79380
  -45.0   33.00550
  -55.0   33.14741
  -65.0   33.24253
  -75.0   33.30630
  -85.0   33.34904
  -95.0   33.37769
1998-12-12 00:00:00 10 2
   -5.0   31.29264
  -15.0   31.99759
  -25.0   32.47012
  -35.0   32.78688
  -45.0   32.99920
  -55.0   33.14153
  -65.0   33.23693
  -75.0   33.30088
  -85.0   33.34375
  -95.0   33.37248
1998-12-13 00:00:00 10 2
   -5.0   31.28149
  -15.0   31.98846
  -25.0   32.46235
  -35.0   32.78001
  -45.0   32.99295
  -55.0   33.13568
  -65.0   33.23136
  -75.0   33.29549
  -85.0   33.33848
  -95.0   33.36730
1998-12-14 00:00:00 10 2
   -5.0   31.27052
  -15.0   31.97946
  -25.0   32.45467
  -35.0   32.77322
  -45.0   32.98675
  -55.0   33.12988
  -65.0   33.22582
  -75.0   33.29014
  -85.0   33.33325
  -95.0   33.36214
1998-12-15 00:00:00 10 2
   -5.0   31.25972
  -15.0   31.97058
  -25.0   32.44708
  -35.0   32.76649
  -45.0   32.98060
  -55.0   33.12412
  -65.0   33.22032
  -75.0   33.28481
  -85.0   33.32804
  -95.0   33.35701
1998-12-16 00:00:00 10 2
   -5.0   31.24909
  -15.0   31.96183
  -25.0   32.43958
  -35.0   32.75984
  -45.0   32.97451
  -55.0   33.11841
  -65.0   33.21486
  -75.0   33.27952
  -85.0   33.32286
  -95.0   33.35192
1998-12-17 00:00:00 10 2
   -5.0   31.23865
  -15.0   31.95320
  -25.0   32.43218
  -35.0   32.75325
  -45.0   32.96847
  -55.0   33.11274
  -65.0   33.20944
  -75.0   33.27427
  -85.0   33.31772
  -95.0   33.34685
1998-12-18 00:00:00 10 2
   -5.0   31.22839
  -15.0   31.94472
  -25.0   32.42488
  -35.0   32.74675
  -45.0   32.96250
  -55.0   33.10712
  -65.0   33.20407
  -75.0   33.26905
  -85.0   33.31261
  -95.0   33.34181
1998-12-19 00:00:00 10 2
   -5.0   31.21832
  -15.0   31.93636
  -25.0   32.41768
  -35.0   32.74032
  -45.0   32.95659
  -55.0   33.10156
  -65.0   33.19873
  -75.0   33.26387
  -85.0   33.30754
  -95.0   33.33681
1998-12-20 00:00:00 10 2
   -5.0   31.20845
  -15.0   31.92815
  -25.0   32.41058
  -35.0   32.73397
  -45.0   32.95074
  -55.0   33.09604
  -65.0   33.19345
  -75.0   33.25874
  -85.0   33.30250
  -95.0   33.33184
1998-12-21 00:00:00 10 2
   -5.0   31.19876
  -15.0   31.92008
  -25.0   32.40359
  -35.0   32.72770
  -45.0   32.94495
  -55.0   33.09058
  -65.0   33.18820
  -75.0   33.25364
  -85.0   33.29750
  -95.0   33.32691
1998-12-22 00:00:00 10 2
   -5.0   31.18928
  -15.0   31.91215
  -25.0   32.39670
  -35.0   32.72151
  -45.0   32.93924
  -55.0   33.08518
  -65.0   33.18301
  -75.0   33.24859
  -85.0   33.29255
  -95.0   33.32201
1998-12-23 00:00:00 10 2
   -5.0   31.17999
  -15.0   31.90436
  -25.0   32.38993
  -35.0   32.71541
  -45.0   32.93359
  -55.0   33.07983
  -65.0   33.17787
  -75.0   33.24358
  -85.0   33.28763
  -95.0   33.31716
1998-12-24 00:00:00 10 2
   -5.0   31.17090
  -15.0   31.89672
  -25.0   32.38326
  -35.0   32.70939
  -45.0   32.92800
  -55.0   33.07455
  -65.0   33.17278
  -75.0   33.23862
  -85.0   33.28276
  -95.0   33.31234
1998-12-25 00:00:00 10 2
   -5.0   31.16202
  -15.0   31.88924
  -25.0   32.37670
  -35.0   32.70346
  -45.0   32.92250
  -55.0   33.06932
  -65.0   33.16774
  -75.0   33.23371
  -85.0   33.27793
  -95.0   33.30757
1998-12-26 00:00:00 10 2
   -5.0   31.15335
  -15.0   31.88190
  -25.0   32.37026
  -35.0   32.69762
  -45.0   32.91706
  -55.0   33.06415
  -65.0   33.16275
  -75.0   33.22885
  -85.0   33.27315
  -95.0   33.30285
1998-12-27 00:00:00 10 2
   -5.0   31.14489
  -15.0   31.87472
  -25.0   32.36394
  -35.0   32.69188
  -45.0   32.91170
  -55.0   33.05905
  -65.0   33.15782
  -75.0   33.22403
  -85.0   33.26841
  -95.0   33.29816
1998-12-28 00:00:00 10 2
   -5.0   31.13663
  -15.0   31.86769
  -25.0   32.35774
  -35.0   32.68623
  -45.0   32.90642
  -55.0   33.05401
  -65.0   33.15295
  -75.0   33.21927
  -85.0   33.26373
  -95.0   33.29353
1998-12-29 00:00:00 10 2
   -5.0   31.12860
  -15.0   31.86083
  -25.0   32.35166
  -35.0   32.68067
  -45.0   32.90121
  -55.0   33.04904
  -65.0   33.14814
  -75.0   33.21457
  -85.0   33.25909
  -95.0   33.28894
1998-12-30 00:00:00 10 2
   -5.0   31.12078
  -15.0   31.85412
  -25.0   32.34569
  -35.0   32.67521
  -45.0   32.89608
  -55.0   33.04414
  -65.0   33.14339
  -75.0   33.20992
  -85.0   33.25451
  -95.0   33.28440
1998-12-31 00:00:00 10 2
   -5.0   31.11318
  -15.0   31.84758
  -25.0   32.33986
  -35.0   32.66984
  -45.0   32.89104
  -55.0   33.03931
  -65.0   33.13870
  -75.0   33.20532
  -85.0   33.24998
  -95.0   33.27991
1999-01-01 00:00:00 10 2
   -5.0   31.10581
  -15.0   31.84120
  -25.0   32.33415
  -35.0   32.66458
  -45.0   32.88607
  -55.0   33.03455
  -65.0   33.13407
  -75.0   33.20078
  -85.0   33.24550
  -95.0   33.27548
