1998-01-01 00:00:00 10 2
   -5.0    1.84591
  -15.0    2.71091
  -25.0    3.23556
  -35.0    3.55378
  -45.0    3.74678
  -55.0    3.86385
  -65.0    3.93485
  -75.0    3.97792
  -85.0    4.00404
  -95.0    4.01988
1998-01-02 00:00:00 10 2
   -5.0    1.87676
  -15.0    2.73257
  -25.0    3.25165
  -35.0    3.56648
  -45.0    3.75744
  -55.0    3.87326
  -65.0    3.94351
  -75.0    3.98612
  -85.0    4.01196
  -95.0    4.02764
1998-01-03 00:00:00 10 2
   -5.0    1.90998
  -15.0    2.75590
  -25.0    3.26897
  -35.0    3.58017
  -45.0    3.76892
  -55.0    3.88340
  -65.0    3.95284
  -75.0    3.99495
  -85.0    4.02050
  -95.0    4.03599
1998-01-04 00:00:00 10 2
   -5.0    1.94557
  -15.0    2.78089
  -25.0    3.28753
  -35.0    3.59483
  -45.0    3.78121
  -55.0    3.89426
  -65.0    3.96282
  -75.0    4.00441
  -85.0    4.02964
  -95.0    4.04494
1998-01-05 00:00:00 10 2
   -5.0    1.98352
  -15.0    2.80753
  -25.0    3.30732
  -35.0    3.61046
  -45.0    3.79432
  -55.0    3.90584
  -65.0    3.97348
  -75.0    4.01450
  -85.0    4.03938
  -95.0    4.05448
1998-01-06 00:00:00 10 2
   -5.0    2.02380
  -15.0    2.83582
  -25.0    3.32833
  -35.0    3.62705
  -45.0    3.80824
  -55.0    3.91813
  -65.0    3.98478
  -75.0    4.02521
  -85.0    4.04973
  -95.0    4.06460
1998-01-07 00:00:00 10 2
   -5.0    2.06642
  -15.0    2.86574
  -25.0    3.35055
  -35.0    3.64461
  -45.0    3.82296
  -55.0    3.93113
  -65.0    3.99675
  -75.0    4.03654
  -85.0    4.06068
  -95.0    4.07532
1998-01-08 00:00:00 10 2
   -5.0    2.11136
  -15.0    2.89730
  -25.0    3.37399
  -35.0    3.66312
  -45.0    3.83848
  -55.0    3.94485
  -65.0    4.00936
  -75.0    4.04849
  -85.0    4.07222
  -95.0    4.08662
1998-01-09 00:00:00 10 2
   -5.0    2.15861
  -15.0    2.93047
  -25.0    3.39863
  -35.0    3.68258
  -45.0    3.85480
  -55.0    3.95926
  -65.0    4.02262
  -75.0    4.06105
  -85.0    4.08436
  -95.0    4.09850
1998-01-10 00:00:00 10 2
   -5.0    2.20814
  -15.0    2.96525
  -25.0    3.42446
  -35.0    3.70298
  -45.0    3.87192
  -55.0    3.97438
  -65.0    4.03653
  -75.0    4.07422
  -85.0    4.09708
  -95.0    4.11095
1998-01-11 00:00:00 10 2
   -5.0    2.25996
  -15.0    3.00163
  -25.0    3.45148
  -35.0    3.72433
  -45.0    3.88982
  -55.0    3.99019
  -65.0    4.05107
  -75.0    4.08800
  -85.0    4.11039
  -95.0    4.12398
1998-01-12 00:00:00 10 2
   -5.0    2.31404
  -15.0    3.03960
  -25.0    3.47968
  -35.0    3.74660
  -45.0    3.90850
  -55.0    4.00669
  -65.0    4.06625
  -75.0    4.10237
  -85.0    4.12428
  -95.0    4.13757
1998-01-13 00:00:00 10 2
   -5.0    2.37036
  -15.0    3.07915
  -25.0    3.50905
  -35.0    3.76980
  -45.0    3.92795
  -55.0    4.02388
  -65.0    4.08206
  -75.0    4.11735
  -85.0    4.13875
  -95.0    4.15173
1998-01-14 00:00:00 10 2
   -5.0    2.42891
  -15.0    3.12026
  -25.0    3.53959
  -35.0    3.79392
  -45.0    3.94818
  -55.0    4.04174
  -65.0    4.09849
  -75.0    4.13291
  -85.0    4.15379
  -95.0    4.16645
1998-01-15 00:00:00 10 2
   -5.0    2.48968
  -15.0    3.16293
  -25.0    3.57127
  -35.0    3.81895
  -45.0    3.96917
  -55.0    4.06029
  -65.0    4.11555
  -75.0    4.14907
  -85.0    4.16940
  -95.0    4.18173
1998-01-16 00:00:00 10 2
   -5.0    2.55264
  -15.0    3.20713
  -25.0    3.60411
  -35.0    3.84488
  -45.0    3.99092
  -55.0    4.07950
  -65.0    4.13322
  -75.0    4.16581
  -85.0    4.18557
  -95.0    4.19756
1998-01-17 00:00:00 10 2
   -5.0    2.61777
  -15.0    3.25287
  -25.0    3.63807
  -35.0    3.87171
  -45.0    4.01342
  -55.0    4.09937
  -65.0    4.15150
  -75.0    4.18312
  -85.0    4.20230
  -95.0    4.21393
1998-01-18 00:00:00 10 2
   -5.0    2.68506
  -15.0    3.30011
  -25.0    3.67316
  -35.0    3.89943
  -45.0    4.03667
  -55.0    4.11990
  -65.0    4.17039
  -75.0    4.20101
  -85.0    4.21959
  -95.0    4.23085
1998-01-19 00:00:00 10 2
   -5.0    2.75449
  -15.0    3.34886
  -25.0    3.70937
  -35.0    3.92803
  -45.0    4.06065
  -55.0    4.14109
  -65.0    4.18988
  -75.0    4.21947
  -85.0    4.23742
  -95.0    4.24831
1998-01-20 00:00:00 10 2
   -5.0    2.82603
  -15.0    3.39909
  -25.0    3.74668
  -35.0    3.95750
  -45.0    4.08536
  -55.0    4.16292
  -65.0    4.20996
  -75.0    4.23849
  -85.0    4.25580
  -95.0    4.26629
1998-01-21 00:00:00 10 2
   -5.0    2.89966
  -15.0    3.45080
  -25.0    3.78508
  -35.0    3.98783
  -45.0    4.11080
  -55.0    4.18539
  -65.0    4.23063
  -75.0    4.25807
  -85.0    4.27471
  -95.0    4.28481
1998-01-22 00:00:00 10 2
   -5.0    2.97537
  -15.0    3.50396
  -25.0    3.82456
  -35.0    4.01901
  -45.0    4.13696
  -55.0    4.20849
  -65.0    4.25188
  -75.0    4.27820
  -85.0    4.29416
  -95.0    4.30384
1998-01-23 00:00:00 10 2
   -5.0    3.05313
  -15.0    3.55855
  -25.0    3.86511
  -35.0    4.05104
  -45.0    4.16382
  -55.0    4.23222
  -65.0    4.27371
  -75.0    4.29887
  -85.0    4.31413
  -95.0    4.32339
1998-01-24 00:00:00 10 2
   -5.0    3.13292
  -15.0    3.61458
  -25.0    3.90672
  -35.0    4.08391
  -45.0    4.19138
  -55.0    4.25656
  -65.0    4.29610
  -75.0    4.32008
  -85.0    4.33463
  -95.0    4.34345
1998-01-25 00:00:00 10 2
   -5.0    3.21471
  -15.0    3.67200
  -25.0    3.94937
  -35.0    4.11760
  -45.0    4.21963
  -55.0    4.28152
  -65.0    4.31906
  -75.0    4.34183
  -85.0    4.35564
  -95.0    4.36401
1998-01-26 00:00:00 10 2
   -5.0    3.29848
  -15.0    3.73082
  -25.0    3.99305
  -35.0    4.15210
  -45.0    4.24857
  -55.0    4.30708
  -65.0    4.34257
  -75.0    4.36410
  -85.0    4.37715
  -95.0    4.38507
1998-01-27 00:00:00 10 2
   -5.0    3.38420
  -15.0    3.79101
  -25.0    4.03775
  -35.0    4.18741
  -45.0    4.27818
  -55.0    4.33324
  -65.0    4.36663
  -75.0    4.38689
  -85.0    4.39917
  -95.0    4.40662
1998-01-28 00:00:00 10 2
   -5.0    3.47185
  -15.0    3.85256
  -25.0    4.08346
  -35.0    4.22352
  -45.0    4.30846
  -55.0    4.35999
  -65.0    4.39124
  -75.0    4.41019
  -85.0    4.42169
  -95.0    4.42866
1998-01-29 00:00:00 10 2
   -5.0    3.56141
  -15.0    3.91544
  -25.0    4.13017
  -35.0    4.26041
  -45.0    4.33940
  -55.0    4.38731
  -65.0    4.41637
  -75.0    4.43400
  -85.0    4.44469
  -95.0    4.45117
1998-01-30 00:00:00 10 2
   -5.0    3.65284
  -15.0    3.97963
  -25.0    4.17785
  -35.0    4.29807
  -45.0    4.37099
  -55.0    4.41521
  -65.0    4.44204
  -75.0    4.45831
  -85.0    4.46818
  -95.0    4.47416
1998-01-31 00:00:00 10 2
   -5.0    3.74612
  -15.0    4.04513
  -25.0    4.22649
  -35.0    4.33649
  -45.0    4.40321
  -55.0    4.44368
  -65.0    4.46822
  -75.0    4.48311
  -85.0    4.49214
  -95.0    4.49761
1998-02-01 00:00:00 10 2
   -5.0    3.84122
  -15.0    4.11191
  -25.0    4.27609
  -35.0    4.37567
  -45.0    4.43606
  -55.0    4.47270
  -65.0    4.49492
  -75.0    4.50839
  -85.0    4.51657
  -95.0    4.52152
1998-02-02 00:00:00 10 2
   -5.0    3.93812
  -15.0    4.17994
  -25.0    4.32662
  -35.0    4.41558
  -45.0    4.46954
  -55.0    4.50226
  -65.0    4.52211
  -75.0    4.53415
  -85.0    4.54146
  -95.0    4.54588
1998-02-03 00:00:00 10 2
   -5.0    4.03678
  -15.0    4.24922
  -25.0    4.37807
  -35.0    4.45622
  -45.0    4.50362
  -55.0    4.53237
  -65.0    4.54981
  -75.0    4.56038
  -85.0    4.56680
  -95.0    4.57069
1998-02-04 00:00:00 10 2
   -5.0    4.13718
  -15.0    4.31971
  -25.0    4.43042
  -35.0    4.49757
  -45.0    4.53830
  -55.0    4.56300
  -65.0    4.57799
  -75.0    4.58707
  -85.0    4.59259
  -95.0    4.59593
1998-02-05 00:00:00 10 2
   -5.0    4.23928
  -15.0    4.39140
  -25.0    4.48367
  -35.0    4.53963
  -45.0    4.57357
  -55.0    4.59416
  -65.0    4.60665
  -75.0    4.61422
  -85.0    4.61881
  -95.0    4.62160
1998-02-06 00:00:00 10 2
   -5.0    4.34306
  -15.0    4.46427
  -25.0    4.53779
  -35.0    4.58238
  -45.0    4.60942
  -55.0    4.62583
  -65.0    4.63578
  -75.0    4.64181
  -85.0    4.64547
  -95.0    4.64769
1998-02-07 00:00:00 10 2
   -5.0    4.44848
  -15.0    4.53829
  -25.0    4.59276
  -35.0    4.62580
  -45.0    4.64584
  -55.0    4.65799
  -65.0    4.66537
  -75.0    4.66984
  -85.0    4.67255
  -95.0    4.67420
1998-02-08 00:00:00 10 2
   -5.0    4.55552
  -15.0    4.61345
  -25.0    4.64858
  -35.0    4.66989
  -45.0    4.68282
  -55.0    4.69066
  -65.0    4.69541
  -75.0    4.69830
  -85.0    4.70004
  -95.0    4.70111
1998-02-09 00:00:00 10 2
   -5.0    4.66414
  -15.0    4.68971
  -25.0    4.70522
  -35.0    4.71463
  -45.0    4.72034
  -55.0    4.72380
  -65.0    4.72590
  -75.0    4.72717
  -85.0    4.72794
  -95.0    4.72841
1998-02-10 00:00:00 10 2
   -5.0    4.77431
  -15.0    4.76707
  -25.0    4.76268
  -35.0    4.76001
  -45.0    4.75840
  -55.0    4.75742
  -65.0    4.75682
  -75.0    4.75646
  -85.0    4.75624
  -95.0    4.75611
1998-02-11 00:00:00 10 2
   -5.0    4.88599
  -15.0    4.84549
  -25.0    4.82092
  -35.0    4.80602
  -45.0    4.79698
  -55.0    4.79150
  -65.0    4.78817
  -75.0    4.78615
  -85.0    4.78493
  -95.0    4.78419
1998-02-12 00:00:00 10 2
   -5.0    4.99916
  -15.0    4.92495
  -25.0    4.87993
  -35.0    4.85263
  -45.0    4.83607
  -55.0    4.82603
  -65.0    4.81994
  -75.0    4.81624
  -85.0    4.81400
  -95.0    4.81264
1998-02-13 00:00:00 10 2
   -5.0    5.11378
  -15.0    5.00543
  -25.0    4.93971
  -35.0    4.89985
  -45.0    4.87567
  -55.0    4.86100
  -65.0    4.85211
  -75.0    4.84672
  -85.0    4.84344
  -95.0    4.84146
1998-02-14 00:00:00 10 2
   -5.0    5.22982
  -15.0    5.08690
  -25.0    5.00022
  -35.0    4.94764
  -45.0    4.91575
  -55.0    4.89641
  -65.0    4.88468
  -75.0    4.87756
  -85.0    4.87325
  -95.0    4.87063
1998-02-15 00:00:00 10 2
   -5.0    5.34724
  -15.0    5.16935
  -25.0    5.06145
  -35.0    4.99601
  -45.0    4.95632
  -55.0    4.93224
  -65.0    4.91764
  -75.0    4.90878
  -85.0    4.90341
  -95.0    4.90015
1998-02-16 00:00:00 10 2
   -5.0    5.46600
  -15.0    5.25274
  -25.0    5.12339
  -35.0    5.04493
  -45.0    4.99734
  -55.0    4.96848
  -65.0    4.95097
  -75.0    4.94036
  -85.0    4.93392
  -95.0    4.93001
1998-02-17 00:00:00 10 2
   -5.0    5.58608
  -15.0    5.33705
  -25.0    5.18600
  -35.0    5.09439
  -45.0    5.03882
  -55.0    5.00512
  -65.0    4.98468
  -75.0    4.97228
  -85.0    4.96476
  -95.0    4.96020
1998-02-18 00:00:00 10 2
   -5.0    5.70744
  -15.0    5.42226
  -25.0    5.24929
  -35.0    5.14438
  -45.0    5.08075
  -55.0    5.04215
  -65.0    5.01874
  -75.0    5.00454
  -85.0    4.99593
  -95.0    4.99071
1998-02-19 00:00:00 10 2
   -5.0    5.83003
  -15.0    5.50834
  -25.0    5.31322
  -35.0    5.19488
  -45.0    5.12310
  -55.0    5.07956
  -65.0    5.05315
  -75.0    5.03714
  -85.0    5.02742
  -95.0    5.02153
1998-02-20 00:00:00 10 2
   -5.0    5.95383
  -15.0    5.59526
  -25.0    5.37778
  -35.0    5.24587
  -45.0    5.16586
  -55.0    5.11734
  -65.0    5.08790
  -75.0    5.07005
  -85.0    5.05922
  -95.0    5.05266
1998-02-21 00:00:00 10 2
   -5.0    6.07880
  -15.0    5.68301
  -25.0    5.44295
  -35.0    5.29735
  -45.0    5.20903
  -55.0    5.15547
  -65.0    5.12298
  -75.0    5.10327
  -85.0    5.09132
  -95.0    5.08407
1998-02-22 00:00:00 10 2
   -5.0    6.20489
  -15.0    5.77155
  -25.0    5.50871
  -35.0    5.34929
  -45.0    5.25259
  -55.0    5.19395
  -65.0    5.15837
  -75.0    5.13680
  -85.0    5.12371
  -95.0    5.11578
1998-02-23 00:00:00 10 2
   -5.0    6.33208
  -15.0    5.86085
  -25.0    5.57503
  -35.0    5.40168
  -45.0    5.29653
  -55.0    5.23276
  -65.0    5.19408
  -75.0    5.17061
  -85.0    5.15638
  -95.0    5.14775
1998-02-24 00:00:00 10 2
   -5.0    6.46033
  -15.0    5.95090
  -25.0    5.64191
  -35.0    5.45450
  -45.0    5.34083
  -55.0    5.27189
  -65.0    5.23007
  -75.0    5.20471
  -85.0    5.18933
  -95.0    5.18000
1998-02-25 00:00:00 10 2
   -5.0    6.58959
  -15.0    6.04166
  -25.0    5.70932
  -35.0    5.50775
  -45.0    5.38549
  -55.0    5.31133
  -65.0    5.26636
  -75.0    5.23908
  -85.0    5.22253
  -95.0    5.21249
1998-02-26 00:00:00 10 2
   -5.0    6.71984
  -15.0    6.13311
  -25.0    5.77724
  -35.0    5.56140
  -45.0    5.43048
  -55.0    5.35108
  -65.0    5.30291
  -75.0    5.27370
  -85.0    5.25598
  -95.0    5.24524
1998-02-27 00:00:00 10 2
   -5.0    6.85102
  -15.0    6.22522
  -25.0    5.84565
  -35.0    5.61543
  -45.0    5.47580
  -55.0    5.39110
  -65.0    5.33974
  -75.0    5.30858
  -85.0    5.28968
  -95.0    5.27822
1998-02-28 00:00:00 10 2
   -5.0    6.98311
  -15.0    6.31796
  -25.0    5.91453
  -35.0    5.66984
  -45.0    5.52143
  -55.0    5.43141
  -65.0    5.37681
  -75.0    5.34370
  -85.0    5.32361
  -95.0    5.31143
1998-03-01 00:00:00 10 2
   -5.0    7.11605
  -15.0    6.41131
  -25.0    5.98386
  -35.0    5.72460
  -45.0    5.56735
  -55.0    5.47198
  -65.0    5.41413
  -75.0    5.37904
  -85.0    5.35776
  -95.0    5.34485
1998-03-02 00:00:00 10 2
   -5.0    7.24982
  -15.0    6.50524
  -25.0    6.05362
  -35.0    5.77970
  -45.0    5.61356
  -55.0    5.51280
  -65.0    5.45168
  -75.0    5.41461
  -85.0    5.39212
  -95.0    5.37848
1998-03-03 00:00:00 10 2
   -5.0    7.38438
  -15.0    6.59971
  -25.0    6.12379
  -35.0    5.83513
  -45.0    5.66005
  -55.0    5.55385
  -65.0    5.48944
  -75.0    5.45038
  -85.0    5.42668
  -95.0    5.41231
1998-03-04 00:00:00 10 2
   -5.0    7.51968
  -15.0    6.69471
  -25.0    6.19435
  -35.0    5.89086
  -45.0    5.70678
  -55.0    5.59514
  -65.0    5.52742
  -75.0    5.48635
  -85.0    5.46144
  -95.0    5.44633
1998-03-05 00:00:00 10 2
   -5.0    7.65568
  -15.0    6.79020
  -25.0    6.26527
  -35.0    5.94688
  -45.0    5.75377
  -55.0    5.63664
  -65.0    5.56560
  -75.0    5.52251
  -85.0    5.49637
  -95.0    5.48052
1998-03-06 00:00:00 10 2
   -5.0    7.79234
  -15.0    6.88616
  -25.0    6.33654
  -35.0    6.00317
  -45.0    5.80098
  -55.0    5.67834
  -65.0    5.60396
  -75.0    5.55884
  -85.0    5.53148
  -95.0    5.51488
1998-03-07 00:00:00 10 2
   -5.0    7.92963
  -15.0    6.98256
  -25.0    6.40813
  -35.0    6.05972
  -45.0    5.84840
  -55.0    5.72023
  -65.0    5.64249
  -75.0    5.59534
  -85.0    5.56674
  -95.0    5.54939
1998-03-08 00:00:00 10 2
   -5.0    8.06750
  -15.0    7.07936
  -25.0    6.48003
  -35.0    6.11651
  -45.0    5.89603
  -55.0    5.76230
  -65.0    5.68119
  -75.0    5.63199
  -85.0    5.60215
  -95.0    5.58406
1998-03-09 00:00:00 10 2
   -5.0    8.20591
  -15.0    7.17655
  -25.0    6.55221
  -35.0    6.17353
  -45.0    5.94384
  -55.0    5.80454
  -65.0    5.72004
  -75.0    5.66879
  -85.0    5.63771
  -95.0    5.61885
1998-03-10 00:00:00 10 2
   -5.0    8.34482
  -15.0    7.27408
  -25.0    6.62465
  -35.0    6.23075
  -45.0    5.99183
  -55.0    5.84692
  -65.0    5.75903
  -75.0    5.70572
  -85.0    5.67339
  -95.0    5.65378
1998-03-11 00:00:00 10 2
   -5.0    8.48419
  -15.0    7.37194
  -25.0    6.69733
  -35.0    6.28815
  -45.0    6.03998
  -55.0    5.88945
  -65.0    5.79815
  -75.0    5.74278
  -85.0    5.70919
  -95.0    5.68882
1998-03-12 00:00:00 10 2
   -5.0    8.62398
  -15.0    7.47009
  -25.0    6.77022
  -35.0    6.34573
  -45.0    6.08827
  -55.0    5.93210
  -65.0    5.83739
  -75.0    5.77994
  -85.0    5.74509
  -95.0    5.72396
1998-03-13 00:00:00 10 2
   -5.0    8.76414
  -15.0    7.56851
  -25.0    6.84332
  -35.0    6.40347
  -45.0    6.13669
  -55.0    5.97487
  -65.0    5.87673
  -75.0    5.81720
  -85.0    5.78110
  -95.0    5.75920
1998-03-14 00:00:00 10 2
   -5.0    8.90464
  -15.0    7.66716
  -25.0    6.91659
  -35.0    6.46134
  -45.0    6.18522
  -55.0    6.01775
  -65.0    5.91617
  -75.0    5.85456
  -85.0    5.81719
  -95.0    5.79452
1998-03-15 00:00:00 10 2
   -5.0    9.04544
  -15.0    7.76602
  -25.0    6.99001
  -35.0    6.51934
  -45.0    6.23386
  -55.0    6.06071
  -65.0    5.95569
  -75.0    5.89199
  -85.0    5.85335
  -95.0    5.82992
1998-03-16 00:00:00 10 2
   -5.0    9.18648
  -15.0    7.86505
  -25.0    7.06356
  -35.0    6.57743
  -45.0    6.28258
  -55.0    6.10375
  -65.0    5.99528
  -75.0    5.92949
  -85.0    5.88958
  -95.0    5.86538
1998-03-17 00:00:00 10 2
   -5.0    9.32773
  -15.0    7.96423
  -25.0    7.13722
  -35.0    6.63562
  -45.0    6.33138
  -55.0    6.14685
  -65.0    6.03492
  -75.0    5.96704
  -85.0    5.92587
  -95.0    5.90089
1998-03-18 00:00:00 10 2
   -5.0    9.46915
  -15.0    8.06353
  -25.0    7.21097
  -35.0    6.69387
  -45.0    6.38023
  -55.0    6.19000
  -65.0    6.07462
  -75.0    6.00464
  -85.0    5.96219
  -95.0    5.93645
1998-03-19 00:00:00 10 2
   -5.0    9.61070
  -15.0    8.16291
  -25.0    7.28479
  -35.0    6.75217
  -45.0    6.42913
  -55.0    6.23319
  -65.0    6.11435
  -75.0    6.04227
  -85.0    5.99855
  -95.0    5.97203
1998-03-20 00:00:00 10 2
   -5.0    9.75233
  -15.0    8.26236
  -25.0    7.35864
  -35.0    6.81051
  -45.0    6.47806
  -55.0    6.27641
  -65.0    6.15410
  -75.0    6.07992
  -85.0    6.03493
  -95.0    6.00764
1998-03-21 00:00:00 10 2
   -5.0    9.89400
  -15.0    8.36183
  -25.0    7.43252
  -35.0    6.86887
  -45.0    6.52700
  -55.0    6.31964
  -65.0    6.19387
  -75.0    6.11759
  -85.0    6.07132
  -95.0    6.04326
1998-03-22 00:00:00 10 2
   -5.0   10.03568
  -15.0    8.46131
  -25.0    7.50640
  -35.0    6.92723
  -45.0    6.57594
  -55.0    6.36287
  -65.0    6.23364
  -75.0    6.15525
  -85.0    6.10771
  -95.0    6.07888
1998-03-23 00:00:00 10 2
   -5.0   10.17731
  -15.0    8.56075
  -25.0    7.58026
  -35.0    6.98557
  -45.0    6.62486
  -55.0    6.40609
  -65.0    6.27339
  -75.0    6.19291
  -85.0    6.14409
  -95.0    6.11448
1998-03-24 00:00:00 10 2
   -5.0   10.31885
  -15.0    8.66014
  -25.0    7.65408
  -35.0    7.04387
  -45.0    6.67376
  -55.0    6.44928
  -65.0    6.31312
  -75.0    6.23054
  -85.0    6.18045
  -95.0    6.15007
1998-03-25 00:00:00 10 2
   -5.0   10.46028
  -15.0    8.75944
  -25.0    7.72783
  -35.0    7.10212
  -45.0    6.72261
  -55.0    6.49243
  -65.0    6.35282
  -75.0    6.26814
  -85.0    6.21678
  -95.0    6.18563
1998-03-26 00:00:00 10 2
   -5.0   10.60153
  -15.0    8.85862
  -25.0    7.80149
  -35.0    7.16031
  -45.0    6.77141
  -55.0    6.53553
  -65.0    6.39247
  -75.0    6.30569
  -85.0    6.25306
  -95.0    6.22114
1998-03-27 00:00:00 10 2
   -5.0   10.74257
  -15.0    8.95765
  -25.0    7.87504
  -35.0    7.21840
  -45.0    6.82013
  -55.0    6.57857
  -65.0    6.43206
  -75.0    6.34319
  -85.0    6.28929
  -95.0    6.25660
1998-03-28 00:00:00 10 2
   -5.0   10.88336
  -15.0    9.05651
  -25.0    7.94846
  -35.0    7.27640
  -45.0    6.86877
  -55.0    6.62153
  -65.0    6.47157
  -75.0    6.38062
  -85.0    6.32545
  -95.0    6.29199
1998-03-29 00:00:00 10 2
   -5.0   11.02386
  -15.0    9.15516
  -25.0    8.02173
  -35.0    7.33427
  -45.0    6.91731
  -55.0    6.66440
  -65.0    6.51101
  -75.0    6.41797
  -85.0    6.36154
  -95.0    6.32732
1998-03-30 00:00:00 10 2
   -5.0   11.16403
  -15.0    9.25357
  -25.0    8.09482
  -35.0    7.39201
  -45.0    6.96573
  -55.0    6.70717
  -65.0    6.55035
  -75.0    6.45524
  -85.0    6.39755
  -95.0    6.36256
1998-03-31 00:00:00 10 2
   -5.0   11.30382
  -15.0    9.35172
  -25.0    8.16772
  -35.0    7.44959
  -45.0    7.01402
  -55.0    6.74983
  -65.0    6.58959
  -75.0    6.49240
  -85.0    6.43345
  -95.0    6.39770
1998-04-01 00:00:00 10 2
   -5.0   11.44319
  -15.0    9.44958
  -25.0    8.24040
  -35.0    7.50699
  -45.0    7.06216
  -55.0    6.79236
  -65.0    6.62871
  -75.0    6.52946
  -85.0    6.46925
  -95.0    6.43274
1998-04-02 00:00:00 10 2
   -5.0   11.58210
  -15.0    9.54712
  -25.0    8.31284
  -35.0    7.56421
  -45.0    7.11015
  -55.0    6.83474
  -65.0    6.66770
  -75.0    6.56639
  -85.0    6.50494
  -95.0    6.46766
1998-04-03 00:00:00 10 2
   -5.0   11.72051
  -15.0    9.64430
  -25.0    8.38502
  -35.0    7.62123
  -45.0    7.15796
  -55.0    6.87698
  -65.0    6.70655
  -75.0    6.60318
  -85.0    6.54049
  -95.0    6.50246
1998-04-04 00:00:00 10 2
   -5.0   11.85838
  -15.0    9.74111
  -25.0    8.45692
  -35.0    7.67802
  -45.0    7.20559
  -55.0    6.91905
  -65.0    6.74525
  -75.0    6.63984
  -85.0    6.57590
  -95.0    6.53712
1998-04-05 00:00:00 10 2
   -5.0   11.99567
  -15.0    9.83750
  -25.0    8.52851
  -35.0    7.73457
  -45.0    7.25302
  -55.0    6.96094
  -65.0    6.78379
  -75.0    6.67634
  -85.0    6.61117
  -95.0    6.57164
1998-04-06 00:00:00 10 2
   -5.0   12.13233
  -15.0    9.93346
  -25.0    8.59978
  -35.0    7.79086
  -45.0    7.30023
  -55.0    7.00264
  -65.0    6.82215
  -75.0    6.71267
  -85.0    6.64627
  -95.0    6.60600
1998-04-07 00:00:00 10 2
   -5.0   12.26833
  -15.0   10.02895
  -25.0    8.67070
  -35.0    7.84688
  -45.0    7.34721
  -55.0    7.04414
  -65.0    6.86032
  -75.0    6.74883
  -85.0    6.68121
  -95.0    6.64019
1998-04-08 00:00:00 10 2
   -5.0   12.40363
  -15.0   10.12395
  -25.0    8.74126
  -35.0    7.90261
  -45.0    7.39395
  -55.0    7.08543
  -65.0    6.89830
  -75.0    6.78480
  -85.0    6.71596
  -95.0    6.67421
1998-04-09 00:00:00 10 2
   -5.0   12.53818
  -15.0   10.21843
  -25.0    8.81143
  -35.0    7.95804
  -45.0    7.44043
  -55.0    7.12648
  -65.0    6.93607
  -75.0    6.82057
  -85.0    6.75052
  -95.0    6.70803
1998-04-10 00:00:00 10 2
   -5.0   12.67195
  -15.0   10.31235
  -25.0    8.88119
  -35.0    8.01314
  -45.0    7.48664
  -55.0    7.16730
  -65.0    6.97361
  -75.0    6.85614
  -85.0    6.78488
  -95.0    6.74167
1998-04-11 00:00:00 10 2
   -5.0   12.80490
  -15.0   10.40570
  -25.0    8.95052
  -35.0    8.06790
  -45.0    7.53257
  -55.0    7.20787
  -65.0    7.01093
  -75.0    6.89148
  -85.0    6.81903
  -95.0    6.77509
1998-04-12 00:00:00 10 2
   -5.0   12.93699
  -15.0   10.49845
  -25.0    9.01940
  -35.0    8.12231
  -45.0    7.57819
  -55.0    7.24817
  -65.0    7.04801
  -75.0    6.92660
  -85.0    6.85296
  -95.0    6.80830
1998-04-13 00:00:00 10 2
   -5.0   13.06817
  -15.0   10.59056
  -25.0    9.08781
  -35.0    8.17634
  -45.0    7.62351
  -55.0    7.28820
  -65.0    7.08483
  -75.0    6.96148
  -85.0    6.88666
  -95.0    6.84128
1998-04-14 00:00:00 10 2
   -5.0   13.19841
  -15.0   10.68200
  -25.0    9.15573
  -35.0    8.22999
  -45.0    7.66850
  -55.0    7.32795
  -65.0    7.12139
  -75.0    6.99610
  -85.0    6.92011
  -95.0    6.87402
1998-04-15 00:00:00 10 2
   -5.0   13.32768
  -15.0   10.77277
  -25.0    9.22313
  -35.0    8.28324
  -45.0    7.71316
  -55.0    7.36739
  -65.0    7.15767
  -75.0    7.03047
  -85.0    6.95332
  -95.0    6.90652
1998-04-16 00:00:00 10 2
   -5.0   13.45592
  -15.0   10.86281
  -25.0    9.29001
  -35.0    8.33606
  -45.0    7.75746
  -55.0    7.40652
  -65.0    7.19367
  -75.0    7.06456
  -85.0    6.98626
  -95.0    6.93876
1998-04-17 00:00:00 10 2
   -5.0   13.58311
  -15.0   10.95212
  -25.0    9.35634
  -35.0    8.38845
  -45.0    7.80140
  -55.0    7.44533
  -65.0    7.22937
  -75.0    7.09838
  -85.0    7.01893
  -95.0    6.97074
1998-04-18 00:00:00 10 2
   -5.0   13.70921
  -15.0   11.04066
  -25.0    9.42210
  -35.0    8.44039
  -45.0    7.84496
  -55.0    7.48381
  -65.0    7.26476
  -75.0    7.13190
  -85.0    7.05132
  -95.0    7.00244
1998-04-19 00:00:00 10 2
   -5.0   13.83418
  -15.0   11.12840
  -25.0    9.48727
  -35.0    8.49187
  -45.0    7.88813
  -55.0    7.52194
  -65.0    7.29984
  -75.0    7.16513
  -85.0    7.08342
  -95.0    7.03386
1998-04-20 00:00:00 10 2
   -5.0   13.95798
  -15.0   11.21533
  -25.0    9.55183
  -35.0    8.54286
  -45.0    7.93090
  -55.0    7.55972
  -65.0    7.33459
  -75.0    7.19804
  -85.0    7.11522
  -95.0    7.06499
1998-04-21 00:00:00 10 2
   -5.0   14.08057
  -15.0   11.30141
  -25.0    9.61576
  -35.0    8.59336
  -45.0    7.97325
  -55.0    7.59713
  -65.0    7.36900
  -75.0    7.23063
  -85.0    7.14671
  -95.0    7.09581
1998-04-22 00:00:00 10 2
   -5.0   14.20193
  -15.0   11.38662
  -25.0    9.67904
  -35.0    8.64335
  -45.0    8.01517
  -55.0    7.63416
  -65.0    7.40306
  -75.0    7.26290
  -85.0    7.17788
  -95.0    7.12632
1998-04-23 00:00:00 10 2
   -5.0   14.32201
  -15.0   11.47093
  -25.0    9.74166
  -35.0    8.69281
  -45.0    8.05665
  -55.0    7.67080
  -65.0    7.43677
  -75.0    7.29482
  -85.0    7.20873
  -95.0    7.15651
1998-04-24 00:00:00 10 2
   -5.0   14.44077
  -15.0   11.55432
  -25.0    9.80360
  -35.0    8.74173
  -45.0    8.09768
  -55.0    7.70704
  -65.0    7.47010
  -75.0    7.32640
  -85.0    7.23923
  -95.0    7.18637
1998-04-25 00:00:00 10 2
   -5.0   14.55819
  -15.0   11.63676
  -25.0    9.86483
  -35.0    8.79010
  -45.0    8.13824
  -55.0    7.74287
  -65.0    7.50306
  -75.0    7.35761
  -85.0    7.26939
  -95.0    7.21589
1998-04-26 00:00:00 10 2
   -5.0   14.67423
  -15.0   11.71824
  -25.0    9.92534
  -35.0    8.83789
  -45.0    8.17832
  -55.0    7.77827
  -65.0    7.53563
  -75.0    7.38846
  -85.0    7.29920
  -95.0    7.24506
1998-04-27 00:00:00 10 2
   -5.0   14.78885
  -15.0   11.79872
  -25.0    9.98511
  -35.0    8.88511
  -45.0    8.21792
  -55.0    7.81325
  -65.0    7.56780
  -75.0    7.41894
  -85.0    7.32864
  -95.0    7.27388
1998-04-28 00:00:00 10 2
   -5.0   14.90202
  -15.0   11.87818
  -25.0   10.04413
  -35.0    8.93172
  -45.0    8.25701
  -55.0    7.84778
  -65.0    7.59957
  -75.0    7.44902
  -85.0    7.35771
  -95.0    7.30233
1998-04-29 00:00:00 10 2
   -5.0   15.01370
  -15.0   11.95660
  -25.0   10.10237
  -35.0    8.97773
  -45.0    8.29560
  -55.0    7.88186
  -65.0    7.63092
  -75.0    7.47872
  -85.0    7.38640
  -95.0    7.33041
1998-04-30 00:00:00 10 2
   -5.0   15.12387
  -15.0   12.03395
  -25.0   10.15982
  -35.0    9.02311
  -45.0    8.33365
  -55.0    7.91548
  -65.0    7.66184
  -75.0    7.50800
  -85.0    7.41470
  -95.0    7.35810
1998-05-01 00:00:00 10 2
   -5.0   15.23249
  -15.0   12.11022
  -25.0   10.21647
  -35.0    9.06785
  -45.0    8.37118
  -55.0    7.94862
  -65.0    7.69233
  -75.0    7.53688
  -85.0    7.44260
  -95.0    7.38541
1998-05-02 00:00:00 10 2
   -5.0   15.33953
  -15.0   12.18537
  -25.0   10.27229
  -35.0    9.11194
  -45.0    8.40815
  -55.0    7.98128
  -65.0    7.72238
  -75.0    7.56534
  -85.0    7.47009
  -95.0    7.41232
1998-05-03 00:00:00 10 2
   -5.0   15.44495
  -15.0   12.25940
  -25.0   10.32726
  -35.0    9.15536
  -45.0    8.44457
  -55.0    8.01345
  -65.0    7.75197
  -75.0    7.59337
  -85.0    7.49717
  -95.0    7.43883
1998-05-04 00:00:00 10 2
   -5.0   15.54873
  -15.0   12.33226
  -25.0   10.38138
  -35.0    9.19811
  -45.0    8.48042
  -55.0    8.04512
  -65.0    7.78110
  -75.0    7.62096
  -85.0    7.52383
  -95.0    7.46492
1998-05-05 00:00:00 10 2
   -5.0   15.65083
  -15.0   12.40396
  -25.0   10.43463
  -35.0    9.24017
  -45.0    8.51569
  -55.0    8.07627
  -65.0    7.80976
  -75.0    7.64810
  -85.0    7.55006
  -95.0    7.49059
1998-05-06 00:00:00 10 2
   -5.0   15.75123
  -15.0   12.47445
  -25.0   10.48698
  -35.0    9.28152
  -45.0    8.55037
  -55.0    8.10691
  -65.0    7.83794
  -75.0    7.67479
  -85.0    7.57584
  -95.0    7.51583
1998-05-07 00:00:00 10 2
   -5.0   15.84989
  -15.0   12.54372
  -25.0   10.53843
  -35.0    9.32216
  -45.0    8.58446
  -55.0    8.13702
  -65.0    7.86563
  -75.0    7.70102
  -85.0    7.60119
  -95.0    7.54063
1998-05-08 00:00:00 10 2
   -5.0   15.94678
  -15.0   12.61176
  -25.0   10.58896
  -35.0    9.36207
  -45.0    8.61793
  -55.0    8.16658
  -65.0    7.89283
  -75.0    7.72679
  -85.0    7.62608
  -95.0    7.56499
1998-05-09 00:00:00 10 2
   -5.0   16.04189
  -15.0   12.67853
  -25.0   10.63856
  -35.0    9.40125
  -45.0    8.65078
  -55.0    8.19560
  -65.0    7.91952
  -75.0    7.75207
  -85.0    7.65051
  -95.0    7.58890
1998-05-10 00:00:00 10 2
   -5.0   16.13517
  -15.0   12.74403
  -25.0   10.68720
  -35.0    9.43967
  -45.0    8.68301
  -55.0    8.22407
  -65.0    7.94570
  -75.0    7.77687
  -85.0    7.67447
  -95.0    7.61236
1998-05-11 00:00:00 10 2
   -5.0   16.22660
  -15.0   12.80823
  -25.0   10.73488
  -35.0    9.47733
  -45.0    8.71459
  -55.0    8.25197
  -65.0    7.97137
  -75.0    7.80118
  -85.0    7.69795
  -95.0    7.63534
1998-05-12 00:00:00 10 2
   -5.0   16.31616
  -15.0   12.87111
  -25.0   10.78158
  -35.0    9.51422
  -45.0    8.74553
  -55.0    8.27929
  -65.0    7.99651
  -75.0    7.82499
  -85.0    7.72096
  -95.0    7.65786
1998-05-13 00:00:00 10 2
   -5.0   16.40381
  -15.0   12.93265
  -25.0   10.82729
  -35.0    9.55033
  -45.0    8.77581
  -55.0    8.30604
  -65.0    8.02111
  -75.0    7.84829
  -85.0    7.74347
  -95.0    7.67989
1998-05-14 00:00:00 10 2
   -5.0   16.48953
  -15.0   12.99284
  -25.0   10.87200
  -35.0    9.58564
  -45.0    8.80542
  -55.0    8.33220
  -65.0    8.04517
  -75.0    7.87108
  -85.0    7.76549
  -95.0    7.70145
1998-05-15 00:00:00 10 2
   -5.0   16.57330
  -15.0   13.05166
  -25.0   10.91568
  -35.0    9.62014
  -45.0    8.83436
  -55.0    8.35776
  -65.0    8.06868
  -75.0    7.89335
  -85.0    7.78701
  -95.0    7.72251
1998-05-16 00:00:00 10 2
   -5.0   16.65509
  -15.0   13.10909
  -25.0   10.95833
  -35.0    9.65383
  -45.0    8.86261
  -55.0    8.38271
  -65.0    8.09164
  -75.0    7.91510
  -85.0    7.80802
  -95.0    7.74307
1998-05-17 00:00:00 10 2
   -5.0   16.73488
  -15.0   13.16511
  -25.0   10.99994
  -35.0    9.68670
  -45.0    8.89018
  -55.0    8.40706
  -65.0    8.11404
  -75.0    7.93631
  -85.0    7.82851
  -95.0    7.76313
1998-05-18 00:00:00 10 2
   -5.0   16.81263
  -15.0   13.21971
  -25.0   11.04049
  -35.0    9.71873
  -45.0    8.91704
  -55.0    8.43079
  -65.0    8.13586
  -75.0    7.95698
  -85.0    7.84848
  -95.0    7.78268
1998-05-19 00:00:00 10 2
   -5.0   16.88834
  -15.0   13.27287
  -25.0   11.07997
  -35.0    9.74991
  -45.0    8.94319
  -55.0    8.45389
  -65.0    8.15711
  -75.0    7.97711
  -85.0    7.86793
  -95.0    7.80171
1998-05-20 00:00:00 10 2
   -5.0   16.96198
  -15.0   13.32457
  -25.0   11.11837
  -35.0    9.78024
  -45.0    8.96863
  -55.0    8.47636
  -65.0    8.17778
  -75.0    7.99669
  -85.0    7.88685
  -95.0    7.82022
1998-05-21 00:00:00 10 2
   -5.0   17.03352
  -15.0   13.37480
  -25.0   11.15568
  -35.0    9.80971
  -45.0    8.99334
  -55.0    8.49819
  -65.0    8.19786
  -75.0    8.01571
  -85.0    7.90522
  -95.0    7.83821
1998-05-22 00:00:00 10 2
   -5.0   17.10295
  -15.0   13.42355
  -25.0   11.19188
  -35.0    9.83831
  -45.0    9.01733
  -55.0    8.51937
  -65.0    8.21735
  -75.0    8.03416
  -85.0    7.92306
  -95.0    7.85567
1998-05-23 00:00:00 10 2
   -5.0   17.17024
  -15.0   13.47080
  -25.0   11.22698
  -35.0    9.86603
  -45.0    9.04057
  -55.0    8.53991
  -65.0    8.23624
  -75.0    8.05205
  -85.0    7.94034
  -95.0    7.87258
1998-05-24 00:00:00 10 2
   -5.0   17.23537
  -15.0   13.51653
  -25.0   11.26094
  -35.0    9.89286
  -45.0    9.06307
  -55.0    8.55978
  -65.0    8.25452
  -75.0    8.06937
  -85.0    7.95707
  -95.0    7.88896
1998-05-25 00:00:00 10 2
   -5.0   17.29833
  -15.0   13.56074
  -25.0   11.29377
  -35.0    9.91879
  -45.0    9.08482
  -55.0    8.57899
  -65.0    8.27219
  -75.0    8.08611
  -85.0    7.97324
  -95.0    7.90479
1998-05-26 00:00:00 10 2
   -5.0   17.35910
  -15.0   13.60340
  -25.0   11.32546
  -35.0    9.94382
  -45.0    9.10581
  -55.0    8.59753
  -65.0    8.28925
  -75.0    8.10226
  -85.0    7.98885
  -95.0    7.92006
1998-05-27 00:00:00 10 2
   -5.0   17.41765
  -15.0   13.64452
  -25.0   11.35600
  -35.0    9.96794
  -45.0    9.12604
  -55.0    8.61540
  -65.0    8.30568
  -75.0    8.11783
  -85.0    8.00389
  -95.0    7.93478
1998-05-28 00:00:00 10 2
   -5.0   17.47397
  -15.0   13.68406
  -25.0   11.38537
  -35.0    9.99114
  -45.0    9.14550
  -55.0    8.63259
  -65.0    8.32149
  -75.0    8.13280
  -85.0    8.01836
  -95.0    7.94894
1998-05-29 00:00:00 10 2
   -5.0   17.52805
  -15.0   13.72203
  -25.0   11.41357
  -35.0   10.01341
  -45.0    9.16418
  -55.0    8.64909
  -65.0    8.33667
  -75.0    8.14718
  -85.0    8.03225
  -95.0    7.96254
1998-05-30 00:00:00 10 2
   -5.0   17.57986
  -15.0   13.75842
  -25.0   11.44059
  -35.0   10.03476
  -45.0    9.18208
  -55.0    8.66490
  -65.0    8.35122
  -75.0    8.16096
  -85.0    8.04556
  -95.0    7.97557
1998-05-31 00:00:00 10 2
   -5.0   17.62940
  -15.0   13.79320
  -25.0   11.46642
  -35.0   10.05516
  -45.0    9.19919
  -55.0    8.68002
  -65.0    8.36512
  -75.0    8.17413
  -85.0    8.05828
  -95.0    7.98802
1998-06-01 00:00:00 10 2
   -5.0   17.67665
  -15.0   13.82637
  -25.0   11.49106
  -35.0   10.07462
  -45.0    9.21551
  -55.0    8.69443
  -65.0    8.37838
  -75.0    8.18669
  -85.0    8.07042
  -95.0    7.99990
1998-06-02 00:00:00 10 2
   -5.0   17.72159
  -15.0   13.85792
  -25.0   11.51450
  -35.0   10.09313
  -45.0    9.23103
  -55.0    8.70814
  -65.0    8.39100
  -75.0    8.19864
  -85.0    8.08196
  -95.0    8.01120
1998-06-03 00:00:00 10 2
   -5.0   17.76421
  -15.0   13.88785
  -25.0   11.53672
  -35.0   10.11069
  -45.0    9.24576
  -55.0    8.72115
  -65.0    8.40296
  -75.0    8.20997
  -85.0    8.09291
  -95.0    8.02191
1998-06-04 00:00:00 10 2
   -5.0   17.80449
  -15.0   13.91614
  -25.0   11.55773
  -35.0   10.12728
  -45.0    9.25967
  -55.0    8.73344
  -65.0    8.41427
  -75.0    8.22068
  -85.0    8.10326
  -95.0    8.03204
1998-06-05 00:00:00 10 2
   -5.0   17.84244
  -15.0   13.94278
  -25.0   11.57752
  -35.0   10.14291
  -45.0    9.27278
  -55.0    8.74502
  -65.0    8.42492
  -75.0    8.23076
  -85.0    8.11301
  -95.0    8.04158
1998-06-06 00:00:00 10 2
   -5.0   17.87802
  -15.0   13.96777
  -25.0   11.59608
  -35.0   10.15757
  -45.0    9.28508
  -55.0    8.75588
  -65.0    8.43491
  -75.0    8.24023
  -85.0    8.12215
  -95.0    8.05053
1998-06-07 00:00:00 10 2
   -5.0   17.91125
  -15.0   13.99109
  -25.0   11.61340
  -35.0   10.17126
  -45.0    9.29655
  -55.0    8.76602
  -65.0    8.44423
  -75.0    8.24906
  -85.0    8.13068
  -95.0    8.05888
1998-06-08 00:00:00 10 2
   -5.0   17.94209
  -15.0   14.01275
  -25.0   11.62949
  -35.0   10.18396
  -45.0    9.30721
  -55.0    8.77543
  -65.0    8.45289
  -75.0    8.25726
  -85.0    8.13860
  -95.0    8.06664
1998-06-09 00:00:00 10 2
   -5.0   17.97055
  -15.0   14.03274
  -25.0   11.64433
  -35.0   10.19569
  -45.0    9.31704
  -55.0    8.78411
  -65.0    8.46088
  -75.0    8.26483
  -85.0    8.14591
  -95.0    8.07379
1998-06-10 00:00:00 10 2
   -5.0   17.99662
  -15.0   14.05104
  -25.0   11.65792
  -35.0   10.20642
  -45.0    9.32605
  -55.0    8.79207
  -65.0    8.46820
  -75.0    8.27176
  -85.0    8.15261
  -95.0    8.08035
1998-06-11 00:00:00 10 2
   -5.0   18.02029
  -15.0   14.06766
  -25.0   11.67027
  -35.0   10.21617
  -45.0    9.33422
  -55.0    8.79929
  -65.0    8.47484
  -75.0    8.27805
  -85.0    8.15869
  -95.0    8.08630
1998-06-12 00:00:00 10 2
   -5.0   18.04155
  -15.0   14.08259
  -25.0   11.68135
  -35.0   10.22493
  -45.0    9.34157
  -55.0    8.80578
  -65.0    8.48081
  -75.0    8.28370
  -85.0    8.16415
  -95.0    8.09164
1998-06-13 00:00:00 10 2
   -5.0   18.06040
  -15.0   14.09582
  -25.0   11.69118
  -35.0   10.23269
  -45.0    9.34808
  -55.0    8.81153
  -65.0    8.48610
  -75.0    8.28871
  -85.0    8.16899
  -95.0    8.09638
1998-06-14 00:00:00 10 2
   -5.0   18.07682
  -15.0   14.10735
  -25.0   11.69975
  -35.0   10.23946
  -45.0    9.35375
  -55.0    8.81654
  -65.0    8.49071
  -75.0    8.29308
  -85.0    8.17321
  -95.0    8.10051
1998-06-15 00:00:00 10 2
   -5.0   18.09082
  -15.0   14.11718
  -25.0   11.70705
  -35.0   10.24523
  -45.0    9.35859
  -55.0    8.82081
  -65.0    8.49464
  -75.0    8.29680
  -85.0    8.17681
  -95.0    8.10403
1998-06-16 00:00:00 10 2
   -5.0   18.10239
  -15.0   14.12531
  -25.0   11.71308
  -35.0   10.24999
  -45.0    9.36258
  -55.0    8.82434
  -65.0    8.49788
  -75.0    8.29988
  -85.0    8.17978
  -95.0    8.10694
1998-06-17 00:00:00 10 2
   -5.0   18.11153
  -15.0   14.13172
  -25.0   11.71785
  -35.0   10.25376
  -45.0    9.36574
  -55.0    8.82713
  -65.0    8.50045
  -75.0    8.30231
  -85.0    8.18213
  -95.0    8.10923
1998-06-18 00:00:00 10 2
   -5.0   18.11824
  -15.0   14.13643
  -25.0   11.72134
  -35.0   10.25652
  -45.0    9.36806
  -55.0    8.82918
  -65.0    8.50233
  -75.0    8.30409
  -85.0    8.18385
  -95.0    8.11092
1998-06-19 00:00:00 10 2
   -5.0   18.12250
  -15.0   14.13943
  -25.0   11.72357
  -35.0   10.25828
  -45.0    9.36953
  -55.0    8.83048
  -65.0    8.50353
  -75.0    8.30522
  -85.0    8.18495
  -95.0    8.11199
1998-06-20 00:00:00 10 2
   -5.0   18.12433
  -15.0   14.14071
  -25.0   11.72452
  -35.0   10.25903
  -45.0    9.37016
  -55.0    8.83104
  -65.0    8.50404
  -75.0    8.30571
  -85.0    8.18542
  -95.0    8.11245
1998-06-21 00:00:00 10 2
   -5.0   18.12372
  -15.0   14.14028
  -25.0   11.72420
  -35.0   10.25878
  -45.0    9.36995
  -55.0    8.83085
  -65.0    8.50387
  -75.0    8.30555
  -85.0    8.18526
  -95.0    8.11230
1998-06-22 00:00:00 10 2
   -5.0   18.12068
  -15.0   14.13814
  -25.0   11.72261
  -35.0   10.25752
  -45.0    9.36890
  -55.0    8.82992
  -65.0    8.50302
  -75.0    8.30474
  -85.0    8.18448
  -95.0    8.11153
1998-06-23 00:00:00 10 2
   -5.0   18.11519
  -15.0   14.13429
  -25.0   11.71975
  -35.0   10.25526
  -45.0    9.36700
  -55.0    8.82825
  -65.0    8.50148
  -75.0    8.30328
  -85.0    8.18307
  -95.0    8.11015
1998-06-24 00:00:00 10 2
   -5.0   18.10727
  -15.0   14.12873
  -25.0   11.71562
  -35.0   10.25200
  -45.0    9.36427
  -55.0    8.82583
  -65.0    8.49925
  -75.0    8.30117
  -85.0    8.18103
  -95.0    8.10816
1998-06-25 00:00:00 10 2
   -5.0   18.09691
  -15.0   14.12146
  -25.0   11.71022
  -35.0   10.24773
  -45.0    9.36069
  -55.0    8.82267
  -65.0    8.49635
  -75.0    8.29842
  -85.0    8.17837
  -95.0    8.10556
1998-06-26 00:00:00 10 2
   -5.0   18.08412
  -15.0   14.11248
  -25.0   11.70355
  -35.0   10.24247
  -45.0    9.35627
  -55.0    8.81877
  -65.0    8.49276
  -75.0    8.29502
  -85.0    8.17509
  -95.0    8.10234
1998-06-27 00:00:00 10 2
   -5.0   18.06891
  -15.0   14.10180
  -25.0   11.69562
  -35.0   10.23620
  -45.0    9.35102
  -55.0    8.81413
  -65.0    8.48849
  -75.0    8.29098
  -85.0    8.17118
  -95.0    8.09852
1998-06-28 00:00:00 10 2
   -5.0   18.05128
  -15.0   14.08941
  -25.0   11.68642
  -35.0   10.22894
  -45.0    9.34493
  -55.0    8.80875
  -65.0    8.48354
  -75.0    8.28629
  -85.0    8.16665
  -95.0    8.09409
1998-06-29 00:00:00 10 2
   -5.0   18.03122
  -15.0   14.07533
  -25.0   11.67597
  -35.0   10.22068
  -45.0    9.33800
  -55.0    8.80263
  -65.0    8.47791
  -75.0    8.28096
  -85.0    8.16150
  -95.0    8.08904
1998-06-30 00:00:00 10 2
   -5.0   18.00876
  -15.0   14.05956
  -25.0   11.66425
  -35.0   10.21142
  -45.0    9.33024
  -55.0    8.79577
  -65.0    8.47160
  -75.0    8.27498
  -85.0    8.15573
  -95.0    8.08340
1998-07-01 00:00:00 10 2
   -5.0   17.98389
  -15.0   14.04210
  -25.0   11.65128
  -35.0   10.20118
  -45.0    9.32165
  -55.0    8.78818
  -65.0    8.46462
  -75.0    8.26837
  -85.0    8.14934
  -95.0    8.07714
1998-07-02 00:00:00 10 2
   -5.0   17.95662
  -15.0   14.02295
  -25.0   11.63706
  -35.0   10.18995
  -45.0    9.31223
  -55.0    8.77986
  -65.0    8.45697
  -75.0    8.26112
  -85.0    8.14234
  -95.0    8.07029
1998-07-03 00:00:00 10 2
   -5.0   17.92697
  -15.0   14.00213
  -25.0   11.62160
  -35.0   10.17773
  -45.0    9.30198
  -55.0    8.77081
  -65.0    8.44864
  -75.0    8.25324
  -85.0    8.13472
  -95.0    8.06283
1998-07-04 00:00:00 10 2
   -5.0   17.89493
  -15.0   13.97964
  -25.0   11.60489
  -35.0   10.16454
  -45.0    9.29092
  -55.0    8.76104
  -65.0    8.43965
  -75.0    8.24472
  -85.0    8.12649
  -95.0    8.05478
1998-07-05 00:00:00 10 2
   -5.0   17.86053
  -15.0   13.95548
  -25.0   11.58695
  -35.0   10.15036
  -45.0    9.27903
  -55.0    8.75054
  -65.0    8.42999
  -75.0    8.23557
  -85.0    8.11765
  -95.0    8.04613
1998-07-06 00:00:00 10 2
   -5.0   17.82376
  -15.0   13.92966
  -25.0   11.56778
  -35.0   10.13522
  -45.0    9.26633
  -55.0    8.73932
  -65.0    8.41967
  -75.0    8.22580
  -85.0    8.10821
  -95.0    8.03688
1998-07-07 00:00:00 10 2
   -5.0   17.78464
  -15.0   13.90220
  -25.0   11.54738
  -35.0   10.11911
  -45.0    9.25282
  -55.0    8.72739
  -65.0    8.40869
  -75.0    8.21540
  -85.0    8.09816
  -95.0    8.02705
1998-07-08 00:00:00 10 2
   -5.0   17.74319
  -15.0   13.87309
  -25.0   11.52576
  -35.0   10.10203
  -45.0    9.23850
  -55.0    8.71474
  -65.0    8.39706
  -75.0    8.20438
  -85.0    8.08751
  -95.0    8.01663
1998-07-09 00:00:00 10 2
   -5.0   17.69941
  -15.0   13.84235
  -25.0   11.50293
  -35.0   10.08400
  -45.0    9.22337
  -55.0    8.70138
  -65.0    8.38477
  -75.0    8.19274
  -85.0    8.07627
  -95.0    8.00562
1998-07-10 00:00:00 10 2
   -5.0   17.65331
  -15.0   13.80999
  -25.0   11.47889
  -35.0   10.06501
  -45.0    9.20745
  -55.0    8.68731
  -65.0    8.37183
  -75.0    8.18048
  -85.0    8.06443
  -95.0    7.99403
1998-07-11 00:00:00 10 2
   -5.0   17.60492
  -15.0   13.77601
  -25.0   11.45365
  -35.0   10.04508
  -45.0    9.19073
  -55.0    8.67254
  -65.0    8.35825
  -75.0    8.16762
  -85.0    8.05200
  -95.0    7.98187
1998-07-12 00:00:00 10 2
   -5.0   17.55424
  -15.0   13.74042
  -25.0   11.42723
  -35.0   10.02420
  -45.0    9.17322
  -55.0    8.65708
  -65.0    8.34402
  -75.0    8.15414
  -85.0    8.03898
  -95.0    7.96913
1998-07-13 00:00:00 10 2
   -5.0   17.50129
  -15.0   13.70325
  -25.0   11.39962
  -35.0   10.00239
  -45.0    9.15493
  -55.0    8.64092
  -65.0    8.32916
  -75.0    8.14007
  -85.0    8.02538
  -95.0    7.95581
1998-07-14 00:00:00 10 2
   -5.0   17.44609
  -15.0   13.66449
  -25.0   11.37083
  -35.0    9.97965
  -45.0    9.13586
  -55.0    8.62408
  -65.0    8.31367
  -75.0    8.12539
  -85.0    8.01120
  -95.0    7.94193
1998-07-15 00:00:00 10 2
   -5.0   17.38865
  -15.0   13.62416
  -25.0   11.34087
  -35.0    9.95599
  -45.0    9.11602
  -55.0    8.60655
  -65.0    8.29754
  -75.0    8.11012
  -85.0    7.99644
  -95.0    7.92749
1998-07-16 00:00:00 10 2
   -5.0   17.32899
  -15.0   13.58226
  -25.0   11.30976
  -35.0    9.93142
  -45.0    9.09541
  -55.0    8.58835
  -65.0    8.28080
  -75.0    8.09426
  -85.0    7.98112
  -95.0    7.91249
1998-07-17 00:00:00 10 2
   -5.0   17.26713
  -15.0   13.53883
  -25.0   11.27750
  -35.0    9.90594
  -45.0    9.07404
  -55.0    8.56947
  -65.0    8.26343
  -75.0    8.07781
  -85.0    7.96523
  -95.0    7.89694
1998-07-18 00:00:00 10 2
   -5.0   17.20308
  -15.0   13.49386
  -25.0   11.24410
  -35.0    9.87955
  -45.0    9.05192
  -55.0    8.54993
  -65.0    8.24546
  -75.0    8.06078
  -85.0    7.94878
  -95.0    7.88084
1998-07-19 00:00:00 10 2
   -5.0   17.13686
  -15.0   13.44736
  -25.0   11.20957
  -35.0    9.85228
  -45.0    9.02904
  -55.0    8.52972
  -65.0    8.22687
  -75.0    8.04318
  -85.0    7.93177
  -95.0    7.86419
1998-07-20 00:00:00 10 2
   -5.0   17.06850
  -15.0   13.39936
  -25.0   11.17392
  -35.0    9.82412
  -45.0    9.00543
  -55.0    8.50886
  -65.0    8.20768
  -75.0    8.02501
  -85.0    7.91421
  -95.0    7.84701
1998-07-21 00:00:00 10 2
   -5.0   16.99801
  -15.0   13.34987
  -25.0   11.13716
  -35.0    9.79509
  -45.0    8.98108
  -55.0    8.48735
  -65.0    8.18790
  -75.0    8.00627
  -85.0    7.89610
  -95.0    7.82928
1998-07-22 00:00:00 10 2
   -5.0   16.92542
  -15.0   13.29890
  -25.0   11.09931
  -35.0    9.76519
  -45.0    8.95600
  -55.0    8.46520
  -65.0    8.16752
  -75.0    7.98697
  -85.0    7.87746
  -95.0    7.81103
1998-07-23 00:00:00 10 2
   -5.0   16.85075
  -15.0   13.24647
  -25.0   11.06037
  -35.0    9.73443
  -45.0    8.93020
  -55.0    8.44242
  -65.0    8.14656
  -75.0    7.96711
  -85.0    7.85827
  -95.0    7.79226
1998-07-24 00:00:00 10 2
   -5.0   16.77401
  -15.0   13.19259
  -25.0   11.02035
  -35.0    9.70282
  -45.0    8.90369
  -55.0    8.41900
  -65.0    8.12502
  -75.0    7.94671
  -85.0    7.83856
  -95.0    7.77297
1998-07-25 00:00:00 10 2
   -5.0   16.69523
  -15.0   13.13728
  -25.0   10.97927
  -35.0    9.67037
  -45.0    8.87648
  -55.0    8.39496
  -65.0    8.10291
  -75.0    7.92577
  -85.0    7.81833
  -95.0    7.75316
1998-07-26 00:00:00 10 2
   -5.0   16.61444
  -15.0   13.08055
  -25.0   10.93714
  -35.0    9.63709
  -45.0    8.84857
  -55.0    8.37031
  -65.0    8.08023
  -75.0    7.90429
  -85.0    7.79758
  -95.0    7.73285
1998-07-27 00:00:00 10 2
   -5.0   16.53166
  -15.0   13.02243
  -25.0   10.89397
  -35.0    9.60299
  -45.0    8.81997
  -55.0    8.34505
  -65.0    8.05700
  -75.0    7.88228
  -85.0    7.77631
  -95.0    7.71204
1998-07-28 00:00:00 10 2
   -5.0   16.44691
  -15.0   12.96292
  -25.0   10.84977
  -35.0    9.56808
  -45.0    8.79070
  -55.0    8.31919
  -65.0    8.03321
  -75.0    7.85975
  -85.0    7.75454
  -95.0    7.69073
1998-07-29 00:00:00 10 2
   -5.0   16.36022
  -15.0   12.90205
  -25.0   10.80456
  -35.0    9.53237
  -45.0    8.76075
  -55.0    8.29274
  -65.0    8.00887
  -75.0    7.83670
  -85.0    7.73227
  -95.0    7.66894
1998-07-30 00:00:00 10 2
   -5.0   16.27161
  -15.0   12.83984
  -25.0   10.75836
  -35.0    9.49588
  -45.0    8.73014
  -55.0    8.26570
  -65.0    7.98400
  -75.0    7.81315
  -85.0    7.70951
  -95.0    7.64666
1998-07-31 00:00:00 10 2
   -5.0   16.18112
  -15.0   12.77629
  -25.0   10.71116
  -35.0    9.45860
  -45.0    8.69888
  -55.0    8.23809
  -65.0    7.95860
  -75.0    7.78909
  -85.0    7.68627
  -95.0    7.62391
1998-08-01 00:00:00 10 2
   -5.0   16.08876
  -15.0   12.71144
  -25.0   10.66300
  -35.0    9.42055
  -45.0    8.66697
  -55.0    8.20990
  -65.0    7.93268
  -75.0    7.76453
  -85.0    7.66254
  -95.0    7.60069
1998-08-02 00:00:00 10 2
   -5.0   15.99456
  -15.0   12.64530
  -25.0   10.61388
  -35.0    9.38175
  -45.0    8.63443
  -55.0    8.18116
  -65.0    7.90624
  -75.0    7.73949
  -85.0    7.63835
  -95.0    7.57701
1998-08-03 00:00:00 10 2
   -5.0   15.89856
  -15.0   12.57790
  -25.0   10.56381
  -35.0    9.34221
  -45.0    8.60127
  -55.0    8.15187
  -65.0    7.87929
  -75.0    7.71396
  -85.0    7.61369
  -95.0    7.55287
1998-08-04 00:00:00 10 2
   -5.0   15.80078
  -15.0   12.50924
  -25.0   10.51282
  -35.0    9.30193
  -45.0    8.56749
  -55.0    8.12203
  -65.0    7.85184
  -75.0    7.68797
  -85.0    7.58857
  -95.0    7.52829
1998-08-05 00:00:00 10 2
   -5.0   15.70124
  -15.0   12.43935
  -25.0   10.46092
  -35.0    9.26093
  -45.0    8.53311
  -55.0    8.09166
  -65.0    7.82391
  -75.0    7.66151
  -85.0    7.56301
  -95.0    7.50326
1998-08-06 00:00:00 10 2
   -5.0   15.59999
  -15.0   12.36826
  -25.0   10.40811
  -35.0    9.21923
  -45.0    8.49813
  -55.0    8.06076
  -65.0    7.79548
  -75.0    7.63459
  -85.0    7.53700
  -95.0    7.47781
1998-08-07 00:00:00 10 2
   -5.0   15.49705
  -15.0   12.29598
  -25.0   10.35443
  -35.0    9.17682
  -45.0    8.46257
  -55.0    8.02935
  -65.0    7.76659
  -75.0    7.60722
  -85.0    7.51055
  -95.0    7.45192
1998-08-08 00:00:00 10 2
   -5.0   15.39244
  -15.0   12.22253
  -25.0   10.29988
  -35.0    9.13373
  -45.0    8.42643
  -55.0    7.99743
  -65.0    7.73723
  -75.0    7.57941
  -85.0    7.48368
  -95.0    7.42563
1998-08-09 00:00:00 10 2
   -5.0   15.28621
  -15.0   12.14794
  -25.0   10.24448
  -35.0    9.08998
  -45.0    8.38973
  -55.0    7.96501
  -65.0    7.70741
  -75.0    7.55116
  -85.0    7.45640
  -95.0    7.39892
1998-08-10 00:00:00 10 2
   -5.0   15.17838
  -15.0   12.07222
  -25.0   10.18825
  -35.0    9.04556
  -45.0    8.35248
  -55.0    7.93211
  -65.0    7.67714
  -75.0    7.52250
  -85.0    7.42870
  -95.0    7.37181
1998-08-11 00:00:00 10 2
   -5.0   15.06898
  -15.0   11.99541
  -25.0   10.13120
  -35.0    9.00050
  -45.0    8.31469
  -55.0    7.89873
  -65.0    7.64643
  -75.0    7.49341
  -85.0    7.40060
  -95.0    7.34430
1998-08-12 00:00:00 10 2
   -5.0   14.95805
  -15.0   11.91752
  -25.0   10.07335
  -35.0    8.95480
  -45.0    8.27637
  -55.0    7.86488
  -65.0    7.61530
  -75.0    7.46392
  -85.0    7.37210
  -95.0    7.31641
1998-08-13 00:00:00 10 2
   -5.0   14.84561
  -15.0   11.83858
  -25.0   10.01472
  -35.0    8.90849
  -45.0    8.23753
  -55.0    7.83057
  -65.0    7.58374
  -75.0    7.43403
  -85.0    7.34322
  -95.0    7.28815
1998-08-14 00:00:00 10 2
   -5.0   14.73172
  -15.0   11.75860
  -25.0    9.95532
  -35.0    8.86157
  -45.0    8.19818
  -55.0    7.79582
  -65.0    7.55177
  -75.0    7.40375
  -85.0    7.31397
  -95.0    7.25951
1998-08-15 00:00:00 10 2
   -5.0   14.61638
  -15.0   11.67762
  -25.0    9.89518
  -35.0    8.81407
  -45.0    8.15834
  -55.0    7.76062
  -65.0    7.51940
  -75.0    7.37308
  -85.0    7.28434
  -95.0    7.23052
1998-08-16 00:00:00 10 2
   -5.0   14.49965
  -15.0   11.59566
  -25.0    9.83430
  -35.0    8.76598
  -45.0    8.11802
  -55.0    7.72500
  -65.0    7.48663
  -75.0    7.34205
  -85.0    7.25436
  -95.0    7.20117
1998-08-17 00:00:00 10 2
   -5.0   14.38155
  -15.0   11.51274
  -25.0    9.77272
  -35.0    8.71734
  -45.0    8.07722
  -55.0    7.68897
  -65.0    7.45348
  -75.0    7.31065
  -85.0    7.22402
  -95.0    7.17148
1998-08-18 00:00:00 10 2
   -5.0   14.26213
  -15.0   11.42889
  -25.0    9.71044
  -35.0    8.66815
  -45.0    8.03596
  -55.0    7.65253
  -65.0    7.41996
  -75.0    7.27890
  -85.0    7.19334
  -95.0    7.14145
1998-08-19 00:00:00 10 2
   -5.0   14.14141
  -15.0   11.34412
  -25.0    9.64748
  -35.0    8.61842
  -45.0    7.99426
  -55.0    7.61569
  -65.0    7.38608
  -75.0    7.24681
  -85.0    7.16234
  -95.0    7.11110
1998-08-20 00:00:00 10 2
   -5.0   14.01943
  -15.0   11.25848
  -25.0    9.58387
  -35.0    8.56818
  -45.0    7.95212
  -55.0    7.57847
  -65.0    7.35184
  -75.0    7.21438
  -85.0    7.13100
  -95.0    7.08043
1998-08-21 00:00:00 10 2
   -5.0   13.89623
  -15.0   11.17197
  -25.0    9.51963
  -35.0    8.51743
  -45.0    7.90956
  -55.0    7.54088
  -65.0    7.31726
  -75.0    7.18162
  -85.0    7.09936
  -95.0    7.04946
1998-08-22 00:00:00 10 2
   -5.0   13.77184
  -15.0   11.08463
  -25.0    9.45476
  -35.0    8.46619
  -45.0    7.86659
  -55.0    7.50292
  -65.0    7.28234
  -75.0    7.14855
  -85.0    7.06741
  -95.0    7.01819
1998-08-23 00:00:00 10 2
   -5.0   13.64630
  -15.0   10.99649
  -25.0    9.38929
  -35.0    8.41448
  -45.0    7.82323
  -55.0    7.46461
  -65.0    7.24710
  -75.0    7.11518
  -85.0    7.03516
  -95.0    6.98663
1998-08-24 00:00:00 10 2
   -5.0   13.51965
  -15.0   10.90756
  -25.0    9.32325
  -35.0    8.36231
  -45.0    7.77948
  -55.0    7.42597
  -65.0    7.21155
  -75.0    7.08151
  -85.0    7.00263
  -95.0    6.95479
1998-08-25 00:00:00 10 2
   -5.0   13.39193
  -15.0   10.81788
  -25.0    9.25664
  -35.0    8.30970
  -45.0    7.73535
  -55.0    7.38699
  -65.0    7.17570
  -75.0    7.04755
  -85.0    6.96982
  -95.0    6.92267
1998-08-26 00:00:00 10 2
   -5.0   13.26317
  -15.0   10.72747
  -25.0    9.18950
  -35.0    8.25666
  -45.0    7.69087
  -55.0    7.34771
  -65.0    7.13956
  -75.0    7.01332
  -85.0    6.93675
  -95.0    6.89030
1998-08-27 00:00:00 10 2
   -5.0   13.13341
  -15.0   10.63636
  -25.0    9.12183
  -35.0    8.20322
  -45.0    7.64605
  -55.0    7.30811
  -65.0    7.10314
  -75.0    6.97882
  -85.0    6.90342
  -95.0    6.85768
1998-08-28 00:00:00 10 2
   -5.0   13.00269
  -15.0   10.54458
  -25.0    9.05366
  -35.0    8.14937
  -45.0    7.60089
  -55.0    7.26822
  -65.0    7.06645
  -75.0    6.94407
  -85.0    6.86984
  -95.0    6.82482
1998-08-29 00:00:00 10 2
   -5.0   12.87105
  -15.0   10.45215
  -25.0    8.98501
  -35.0    8.09515
  -45.0    7.55542
  -55.0    7.22806
  -65.0    7.02950
  -75.0    6.90907
  -85.0    6.83603
  -95.0    6.79172
1998-08-30 00:00:00 10 2
   -5.0   12.73853
  -15.0   10.35910
  -25.0    8.91591
  -35.0    8.04056
  -45.0    7.50964
  -55.0    7.18762
  -65.0    6.99230
  -75.0    6.87384
  -85.0    6.80198
  -95.0    6.75840
1998-08-31 00:00:00 10 2
   -5.0   12.60517
  -15.0   10.26546
  -25.0    8.84636
  -35.0    7.98563
  -45.0    7.46357
  -55.0    7.14692
  -65.0    6.95487
  -75.0    6.83838
  -85.0    6.76773
  -95.0    6.72487
1998-09-01 00:00:00 10 2
   -5.0   12.47100
  -15.0   10.17126
  -25.0    8.77639
  -35.0    7.93036
  -45.0    7.41722
  -55.0    7.10598
  -65.0    6.91721
  -75.0    6.80271
  -85.0    6.73327
  -95.0    6.69114
1998-09-02 00:00:00 10 2
   -5.0   12.33607
  -15.0   10.07652
  -25.0    8.70603
  -35.0    7.87478
  -45.0    7.37061
  -55.0    7.06481
  -65.0    6.87934
  -75.0    6.76684
  -85.0    6.69861
  -95.0    6.65722
1998-09-03 00:00:00 10 2
   -5.0   12.20042
  -15.0    9.98127
  -25.0    8.63528
  -35.0    7.81891
  -45.0    7.32375
  -55.0    7.02342
  -65.0    6.84126
  -75.0    6.73077
  -85.0    6.66376
  -95.0    6.62312
1998-09-04 00:00:00 10 2
   -5.0   12.06408
  -15.0    9.88554
  -25.0    8.56419
  -35.0    7.76275
  -45.0    7.27665
  -55.0    6.98181
  -65.0    6.80299
  -75.0    6.69453
  -85.0    6.62874
  -95.0    6.58884
1998-09-05 00:00:00 10 2
   -5.0   11.92710
  -15.0    9.78936
  -25.0    8.49275
  -35.0    7.70632
  -45.0    7.22933
  -55.0    6.94002
  -65.0    6.76454
  -75.0    6.65811
  -85.0    6.59355
  -95.0    6.55440
1998-09-06 00:00:00 10 2
   -5.0   11.78951
  -15.0    9.69275
  -25.0    8.42100
  -35.0    7.64965
  -45.0    7.18180
  -55.0    6.89803
  -65.0    6.72592
  -75.0    6.62153
  -85.0    6.55821
  -95.0    6.51981
1998-09-07 00:00:00 10 2
   -5.0   11.65137
  -15.0    9.59576
  -25.0    8.34896
  -35.0    7.59275
  -45.0    7.13408
  -55.0    6.85588
  -65.0    6.68715
  -75.0    6.58480
  -85.0    6.52273
  -95.0    6.48508
1998-09-08 00:00:00 10 2
   -5.0   11.51270
  -15.0    9.49839
  -25.0    8.27665
  -35.0    7.53563
  -45.0    7.08618
  -55.0    6.81357
  -65.0    6.64822
  -75.0    6.54794
  -85.0    6.48711
  -95.0    6.45022
1998-09-09 00:00:00 10 2
   -5.0   11.37356
  -15.0    9.40069
  -25.0    8.20409
  -35.0    7.47831
  -45.0    7.03811
  -55.0    6.77111
  -65.0    6.60917
  -75.0    6.51094
  -85.0    6.45137
  -95.0    6.41523
1998-09-10 00:00:00 10 2
   -5.0   11.23397
  -15.0    9.30268
  -25.0    8.13130
  -35.0    7.42082
  -45.0    6.98989
  -55.0    6.72852
  -65.0    6.56999
  -75.0    6.47383
  -85.0    6.41551
  -95.0    6.38014
1998-09-11 00:00:00 10 2
   -5.0   11.09399
  -15.0    9.20440
  -25.0    8.05830
  -35.0    7.36316
  -45.0    6.94153
  -55.0    6.68580
  -65.0    6.53070
  -75.0    6.43662
  -85.0    6.37956
  -95.0    6.34495
1998-09-12 00:00:00 10 2
   -5.0   10.95365
  -15.0    9.10586
  -25.0    7.98512
  -35.0    7.30535
  -45.0    6.89305
  -55.0    6.64298
  -65.0    6.49130
  -75.0    6.39931
  -85.0    6.34351
  -95.0    6.30967
1998-09-13 00:00:00 10 2
   -5.0   10.81300
  -15.0    9.00710
  -25.0    7.91177
  -35.0    7.24742
  -45.0    6.84446
  -55.0    6.60006
  -65.0    6.45182
  -75.0    6.36191
  -85.0    6.30738
  -95.0    6.27430
1998-09-14 00:00:00 10 2
   -5.0   10.67208
  -15.0    8.90815
  -25.0    7.83828
  -35.0    7.18937
  -45.0    6.79578
  -55.0    6.55706
  -65.0    6.41227
  -75.0    6.32445
  -85.0    6.27118
  -95.0    6.23888
1998-09-15 00:00:00 10 2
   -5.0   10.53093
  -15.0    8.80904
  -25.0    7.76467
  -35.0    7.13122
  -45.0    6.74702
  -55.0    6.51399
  -65.0    6.37265
  -75.0    6.28692
  -85.0    6.23492
  -95.0    6.20339
1998-09-16 00:00:00 10 2
   -5.0   10.38958
  -15.0    8.70980
  -25.0    7.69096
  -35.0    7.07300
  -45.0    6.69819
  -55.0    6.47086
  -65.0    6.33298
  -75.0    6.24934
  -85.0    6.19862
  -95.0    6.16785
1998-09-17 00:00:00 10 2
   -5.0   10.24809
  -15.0    8.61046
  -25.0    7.61718
  -35.0    7.01472
  -45.0    6.64932
  -55.0    6.42769
  -65.0    6.29326
  -75.0    6.21173
  -85.0    6.16228
  -95.0    6.13228
1998-09-18 00:00:00 10 2
   -5.0   10.10650
  -15.0    8.51104
  -25.0    7.54334
  -35.0    6.95640
  -45.0    6.60040
  -55.0    6.38448
  -65.0    6.25352
  -75.0    6.17408
  -85.0    6.12590
  -95.0    6.09668
1998-09-19 00:00:00 10 2
   -5.0    9.96484
  -15.0    8.41157
  -25.0    7.46947
  -35.0    6.89805
  -45.0    6.55147
  -55.0    6.34126
  -65.0    6.21375
  -75.0    6.13642
  -85.0    6.08952
  -95.0    6.06107
1998-09-20 00:00:00 10 2
   -5.0    9.82316
  -15.0    8.31209
  -25.0    7.39558
  -35.0    6.83969
  -45.0    6.50252
  -55.0    6.29802
  -65.0    6.17399
  -75.0    6.09876
  -85.0    6.05312
  -95.0    6.02545
1998-09-21 00:00:00 10 2
   -5.0    9.68151
  -15.0    8.21263
  -25.0    7.32171
  -35.0    6.78134
  -45.0    6.45359
  -55.0    6.25480
  -65.0    6.13423
  -75.0    6.06109
  -85.0    6.01674
  -95.0    5.98983
1998-09-22 00:00:00 10 2
   -5.0    9.53991
  -15.0    8.11321
  -25.0    7.24787
  -35.0    6.72302
  -45.0    6.40468
  -55.0    6.21159
  -65.0    6.09448
  -75.0    6.02345
  -85.0    5.98037
  -95.0    5.95424
1998-09-23 00:00:00 10 2
   -5.0    9.39842
  -15.0    8.01386
  -25.0    7.17409
  -35.0    6.66474
  -45.0    6.35580
  -55.0    6.16842
  -65.0    6.05477
  -75.0    5.98583
  -85.0    5.94402
  -95.0    5.91866
1998-09-24 00:00:00 10 2
   -5.0    9.25708
  -15.0    7.91462
  -25.0    7.10038
  -35.0    6.60651
  -45.0    6.30697
  -55.0    6.12529
  -65.0    6.01509
  -75.0    5.94826
  -85.0    5.90772
  -95.0    5.88313
1998-09-25 00:00:00 10 2
   -5.0    9.11593
  -15.0    7.81551
  -25.0    7.02677
  -35.0    6.54837
  -45.0    6.25821
  -55.0    6.08222
  -65.0    5.97547
  -75.0    5.91073
  -85.0    5.87146
  -95.0    5.84764
1998-09-26 00:00:00 10 2
   -5.0    8.97500
  -15.0    7.71656
  -25.0    6.95328
  -35.0    6.49032
  -45.0    6.20953
  -55.0    6.03922
  -65.0    5.93592
  -75.0    5.87326
  -85.0    5.83526
  -95.0    5.81221
1998-09-27 00:00:00 10 2
   -5.0    8.83435
  -15.0    7.61781
  -25.0    6.87993
  -35.0    6.43239
  -45.0    6.16094
  -55.0    5.99630
  -65.0    5.89644
  -75.0    5.83587
  -85.0    5.79913
  -95.0    5.77685
1998-09-28 00:00:00 10 2
   -5.0    8.69402
  -15.0    7.51927
  -25.0    6.80675
  -35.0    6.37458
  -45.0    6.11246
  -55.0    5.95348
  -65.0    5.85705
  -75.0    5.79856
  -85.0    5.76309
  -95.0    5.74157
1998-09-29 00:00:00 10 2
   -5.0    8.55404
  -15.0    7.42098
  -25.0    6.73375
  -35.0    6.31692
  -45.0    6.06410
  -55.0    5.91076
  -65.0    5.81776
  -75.0    5.76134
  -85.0    5.72713
  -95.0    5.70638
1998-09-30 00:00:00 10 2
   -5.0    8.41445
  -15.0    7.32297
  -25.0    6.66096
  -35.0    6.25943
  -45.0    6.01588
  -55.0    5.86817
  -65.0    5.77858
  -75.0    5.72423
  -85.0    5.69127
  -95.0    5.67128
1998-10-01 00:00:00 10 2
   -5.0    8.27531
  -15.0    7.22527
  -25.0    6.58840
  -35.0    6.20211
  -45.0    5.96782
  -55.0    5.82571
  -65.0    5.73952
  -75.0    5.68724
  -85.0    5.65553
  -95.0    5.63630
1998-10-02 00:00:00 10 2
   -5.0    8.13664
  -15.0    7.12791
  -25.0    6.51608
  -35.0    6.14499
  -45.0    5.91991
  -55.0    5.78340
  -65.0    5.70060
  -75.0    5.65037
  -85.0    5.61991
  -95.0    5.60144
1998-10-03 00:00:00 10 2
   -5.0    7.99849
  -15.0    7.03091
  -25.0    6.44404
  -35.0    6.08809
  -45.0    5.87219
  -55.0    5.74124
  -65.0    5.66182
  -75.0    5.61365
  -85.0    5.58443
  -95.0    5.56671
1998-10-04 00:00:00 10 2
   -5.0    7.86091
  -15.0    6.93431
  -25.0    6.37230
  -35.0    6.03142
  -45.0    5.82466
  -55.0    5.69926
  -65.0    5.62320
  -75.0    5.57707
  -85.0    5.54909
  -95.0    5.53212
1998-10-05 00:00:00 10 2
   -5.0    7.72393
  -15.0    6.83813
  -25.0    6.30086
  -35.0    5.97499
  -45.0    5.77734
  -55.0    5.65746
  -65.0    5.58475
  -75.0    5.54065
  -85.0    5.51390
  -95.0    5.49768
1998-10-06 00:00:00 10 2
   -5.0    7.58759
  -15.0    6.74240
  -25.0    6.22976
  -35.0    5.91883
  -45.0    5.73025
  -55.0    5.61586
  -65.0    5.54648
  -75.0    5.50440
  -85.0    5.47888
  -95.0    5.46340
1998-10-07 00:00:00 10 2
   -5.0    7.45194
  -15.0    6.64715
  -25.0    6.15902
  -35.0    5.86296
  -45.0    5.68338
  -55.0    5.57447
  -65.0    5.50841
  -75.0    5.46834
  -85.0    5.44404
  -95.0    5.42930
1998-10-08 00:00:00 10 2
   -5.0    7.31701
  -15.0    6.55241
  -25.0    6.08866
  -35.0    5.80738
  -45.0    5.63677
  -55.0    5.53330
  -65.0    5.47053
  -75.0    5.43247
  -85.0    5.40938
  -95.0    5.39537
1998-10-09 00:00:00 10 2
   -5.0    7.18284
  -15.0    6.45820
  -25.0    6.01869
  -35.0    5.75211
  -45.0    5.59042
  -55.0    5.49236
  -65.0    5.43287
  -75.0    5.39680
  -85.0    5.37491
  -95.0    5.36164
1998-10-10 00:00:00 10 2
   -5.0    7.04947
  -15.0    6.36456
  -25.0    5.94914
  -35.0    5.69718
  -45.0    5.54435
  -55.0    5.45166
  -65.0    5.39544
  -75.0    5.36134
  -85.0    5.34066
  -95.0    5.32811
1998-10-11 00:00:00 10 2
   -5.0    6.91695
  -15.0    6.27151
  -25.0    5.88003
  -35.0    5.64259
  -45.0    5.49857
  -55.0    5.41122
  -65.0    5.35824
  -75.0    5.32611
  -85.0    5.30662
  -95.0    5.29480
1998-10-12 00:00:00 10 2
   -5.0    6.78531
  -15.0    6.17908
  -25.0    5.81139
  -35.0    5.58837
  -45.0    5.45310
  -55.0    5.37105
  -65.0    5.32129
  -75.0    5.29111
  -85.0    5.27280
  -95.0    5.26170
1998-10-13 00:00:00 10 2
   -5.0    6.65460
  -15.0    6.08730
  -25.0    5.74322
  -35.0    5.53452
  -45.0    5.40794
  -55.0    5.33117
  -65.0    5.28460
  -75.0    5.25636
  -85.0    5.23923
  -95.0    5.22884
1998-10-14 00:00:00 10 2
   -5.0    6.52484
  -15.0    5.99619
  -25.0    5.67555
  -35.0    5.48107
  -45.0    5.36312
  -55.0    5.29157
  -65.0    5.24818
  -75.0    5.22186
  -85.0    5.20590
  -95.0    5.19621
1998-10-15 00:00:00 10 2
   -5.0    6.39608
  -15.0    5.90578
  -25.0    5.60841
  -35.0    5.42804
  -45.0    5.31864
  -55.0    5.25228
  -65.0    5.21204
  -75.0    5.18763
  -85.0    5.17282
  -95.0    5.16384
1998-10-16 00:00:00 10 2
   -5.0    6.26836
  -15.0    5.81610
  -25.0    5.54180
  -35.0    5.37543
  -45.0    5.27452
  -55.0    5.21331
  -65.0    5.17619
  -75.0    5.15367
  -85.0    5.14001
  -95.0    5.13173
1998-10-17 00:00:00 10 2
   -5.0    6.14171
  -15.0    5.72718
  -25.0    5.47575
  -35.0    5.32326
  -45.0    5.23077
  -55.0    5.17466
  -65.0    5.14064
  -75.0    5.12000
  -85.0    5.10748
  -95.0    5.09989
1998-10-18 00:00:00 10 2
   -5.0    6.01617
  -15.0    5.63903
  -25.0    5.41029
  -35.0    5.27155
  -45.0    5.18740
  -55.0    5.13636
  -65.0    5.10540
  -75.0    5.08662
  -85.0    5.07524
  -95.0    5.06833
1998-10-19 00:00:00 10 2
   -5.0    5.89178
  -15.0    5.55170
  -25.0    5.34542
  -35.0    5.22031
  -45.0    5.14443
  -55.0    5.09840
  -65.0    5.07049
  -75.0    5.05356
  -85.0    5.04329
  -95.0    5.03706
1998-10-20 00:00:00 10 2
   -5.0    5.76858
  -15.0    5.46519
  -25.0    5.28117
  -35.0    5.16956
  -45.0    5.10187
  -55.0    5.06081
  -65.0    5.03591
  -75.0    5.02080
  -85.0    5.01164
  -95.0    5.00608
1998-10-21 00:00:00 10 2
   -5.0    5.64660
  -15.0    5.37954
  -25.0    5.21756
  -35.0    5.11932
  -45.0    5.05973
  -55.0    5.02359
  -65.0    5.00167
  -75.0    4.98837
  -85.0    4.98031
  -95.0    4.97542
1998-10-22 00:00:00 10 2
   -5.0    5.52588
  -15.0    5.29478
  -25.0    5.15461
  -35.0    5.06959
  -45.0    5.01803
  -55.0    4.98675
  -65.0    4.96778
  -75.0    4.95628
  -85.0    4.94930
  -95.0    4.94506
1998-10-23 00:00:00 10 2
   -5.0    5.40645
  -15.0    5.21093
  -25.0    5.09233
  -35.0    5.02040
  -45.0    4.97677
  -55.0    4.95031
  -65.0    4.93426
  -75.0    4.92453
  -85.0    4.91862
  -95.0    4.91504
1998-10-24 00:00:00 10 2
   -5.0    5.28836
  -15.0    5.12800
  -25.0    5.03075
  -35.0    4.97175
  -45.0    4.93598
  -55.0    4.91427
  -65.0    4.90111
  -75.0    4.89313
  -85.0    4.88829
  -95.0    4.88535
1998-10-25 00:00:00 10 2
   -5.0    5.17163
  -15.0    5.04604
  -25.0    4.96987
  -35.0    4.92367
  -45.0    4.89565
  -55.0    4.87865
  -65.0    4.86835
  -75.0    4.86209
  -85.0    4.85830
  -95.0    4.85600
1998-10-26 00:00:00 10 2
   -5.0    5.05629
  -15.0    4.96506
  -25.0    4.90973
  -35.0    4.87617
  -45.0    4.85581
  -55.0    4.84346
  -65.0    4.83597
  -75.0    4.83143
  -85.0    4.82868
  -95.0    4.82701
1998-10-27 00:00:00 10 2
   -5.0    4.94239
  -15.0    4.88509
  -25.0    4.85033
  -35.0    4.82925
  -45.0    4.81646
  -55.0    4.80871
  -65.0    4.80400
  -75.0    4.80115
  -85.0    4.79942
  -95.0    4.79837
1998-10-28 00:00:00 10 2
   -5.0    4.82996
  -15.0    4.80614
  -25.0    4.79170
  -35.0    4.78294
  -45.0    4.77762
  -55.0    4.77440
  -65.0    4.77244
  -75.0    4.77126
  -85.0    4.77054
  -95.0    4.77010
1998-10-29 00:00:00 10 2
   -5.0    4.71903
  -15.0    4.72825
  -25.0    4.73385
  -35.0    4.73724
  -45.0    4.73930
  -55.0    4.74055
  -65.0    4.74131
  -75.0    4.74177
  -85.0    4.74204
  -95.0    4.74221
1998-10-30 00:00:00 10 2
   -5.0    4.60963
  -15.0    4.65144
  -25.0    4.67680
  -35.0    4.69218
  -45.0    4.70151
  -55.0    4.70717
  -65.0    4.71060
  -75.0    4.71268
  -85.0    4.71394
  -95.0    4.71471
1998-10-31 00:00:00 10 2
   -5.0    4.50180
  -15.0    4.57573
  -25.0    4.62057
  -35.0    4.64776
  -45.0    4.66426
  -55.0    4.67426
  -65.0    4.68033
  -75.0    4.68401
  -85.0    4.68625
  -95.0    4.68760
1998-11-01 00:00:00 10 2
   -5.0    4.39557
  -15.0    4.50114
  -25.0    4.56517
  -35.0    4.60401
  -45.0    4.62756
  -55.0    4.64185
  -65.0    4.65051
  -75.0    4.65577
  -85.0    4.65896
  -95.0    4.66089
1998-11-02 00:00:00 10 2
   -5.0    4.29096
  -15.0    4.42769
  -25.0    4.51062
  -35.0    4.56092
  -45.0    4.59143
  -55.0    4.60993
  -65.0    4.62115
  -75.0    4.62796
  -85.0    4.63209
  -95.0    4.63459
1998-11-03 00:00:00 10 2
   -5.0    4.18802
  -15.0    4.35541
  -25.0    4.45693
  -35.0    4.51851
  -45.0    4.55586
  -55.0    4.57852
  -65.0    4.59226
  -75.0    4.60059
  -85.0    4.60565
  -95.0    4.60871
1998-11-04 00:00:00 10 2
   -5.0    4.08676
  -15.0    4.28431
  -25.0    4.40413
  -35.0    4.47681
  -45.0    4.52089
  -55.0    4.54762
  -65.0    4.56384
  -75.0    4.57367
  -85.0    4.57964
  -95.0    4.58326
1998-11-05 00:00:00 10 2
   -5.0    3.98723
  -15.0    4.21443
  -25.0    4.35223
  -35.0    4.43581
  -45.0    4.48650
  -55.0    4.51725
  -65.0    4.53590
  -75.0    4.54721
  -85.0    4.55407
  -95.0    4.55823
1998-11-06 00:00:00 10 2
   -5.0    3.88945
  -15.0    4.14577
  -25.0    4.30123
  -35.0    4.39553
  -45.0    4.45272
  -55.0    4.48741
  -65.0    4.50845
  -75.0    4.52121
  -85.0    4.52895
  -95.0    4.53365
1998-11-07 00:00:00 10 2
   -5.0    3.79345
  -15.0    4.07836
  -25.0    4.25117
  -35.0    4.35599
  -45.0    4.41956
  -55.0    4.45812
  -65.0    4.48150
  -75.0    4.49569
  -85.0    4.50429
  -95.0    4.50951
1998-11-08 00:00:00 10 2
   -5.0    3.69925
  -15.0    4.01222
  -25.0    4.20205
  -35.0    4.31719
  -45.0    4.38702
  -55.0    4.42937
  -65.0    4.45506
  -75.0    4.47065
  -85.0    4.48010
  -95.0    4.48583
1998-11-09 00:00:00 10 2
   -5.0    3.60689
  -15.0    3.94737
  -25.0    4.15388
  -35.0    4.27914
  -45.0    4.35511
  -55.0    4.40119
  -65.0    4.42914
  -75.0    4.44609
  -85.0    4.45637
  -95.0    4.46261
1998-11-10 00:00:00 10 2
   -5.0    3.51639
  -15.0    3.88383
  -25.0    4.10669
  -35.0    4.24186
  -45.0    4.32385
  -55.0    4.37358
  -65.0    4.40374
  -75.0    4.42203
  -85.0    4.43313
  -95.0    4.43986
1998-11-11 00:00:00 10 2
   -5.0    3.42779
  -15.0    3.82162
  -25.0    4.06048
  -35.0    4.20537
  -45.0    4.29324
  -55.0    4.34654
  -65.0    4.37887
  -75.0    4.39848
  -85.0    4.41037
  -95.0    4.41758
1998-11-12 00:00:00 10 2
   -5.0    3.34110
  -15.0    3.76075
  -25.0    4.01528
  -35.0    4.16966
  -45.0    4.26329
  -55.0    4.32009
  -65.0    4.35453
  -75.0    4.37543
  -85.0    4.38810
  -95.0    4.39579
1998-11-13 00:00:00 10 2
   -5.0    3.25635
  -15.0    3.70124
  -25.0    3.97108
  -35.0    4.13475
  -45.0    4.23402
  -55.0    4.29423
  -65.0    4.33075
  -75.0    4.35290
  -85.0    4.36633
  -95.0    4.37448
1998-11-14 00:00:00 10 2
   -5.0    3.17356
  -15.0    3.64311
  -25.0    3.92791
  -35.0    4.10065
  -45.0    4.20542
  -55.0    4.26897
  -65.0    4.30751
  -75.0    4.33089
  -85.0    4.34507
  -95.0    4.35367
1998-11-15 00:00:00 10 2
   -5.0    3.09277
  -15.0    3.58639
  -25.0    3.88578
  -35.0    4.06737
  -45.0    4.17751
  -55.0    4.24431
  -65.0    4.28483
  -75.0    4.30941
  -85.0    4.32431
  -95.0    4.33336
1998-11-16 00:00:00 10 2
   -5.0    3.01400
  -15.0    3.53108
  -25.0    3.84470
  -35.0    4.03492
  -45.0    4.15030
  -55.0    4.22028
  -65.0    4.26272
  -75.0    4.28847
  -85.0    4.30408
  -95.0    4.31355
1998-11-17 00:00:00 10 2
   -5.0    2.93726
  -15.0    3.47720
  -25.0    3.80468
  -35.0    4.00331
  -45.0    4.12379
  -55.0    4.19686
  -65.0    4.24118
  -75.0    4.26806
  -85.0    4.28437
  -95.0    4.29426
1998-11-18 00:00:00 10 2
   -5.0    2.86259
  -15.0    3.42476
  -25.0    3.76574
  -35.0    3.97255
  -45.0    4.09799
  -55.0    4.17408
  -65.0    4.22022
  -75.0    4.24821
  -85.0    4.26519
  -95.0    4.27548
1998-11-19 00:00:00 10 2
   -5.0    2.78999
  -15.0    3.37379
  -25.0    3.72788
  -35.0    3.94265
  -45.0    4.07292
  -55.0    4.15192
  -65.0    4.19985
  -75.0    4.22891
  -85.0    4.24654
  -95.0    4.25723
1998-11-20 00:00:00 10 2
   -5.0    2.71951
  -15.0    3.32430
  -25.0    3.69113
  -35.0    3.91362
  -45.0    4.04857
  -55.0    4.13042
  -65.0    4.18006
  -75.0    4.21017
  -85.0    4.22843
  -95.0    4.23951
1998-11-21 00:00:00 10 2
   -5.0    2.65115
  -15.0    3.27630
  -25.0    3.65548
  -35.0    3.88546
  -45.0    4.02495
  -55.0    4.10956
  -65.0    4.16087
  -75.0    4.19200
  -85.0    4.21088
  -95.0    4.22233
1998-11-22 00:00:00 10 2
   -5.0    2.58493
  -15.0    3.22981
  -25.0    3.62095
  -35.0    3.85819
  -45.0    4.00208
  -55.0    4.08935
  -65.0    4.14229
  -75.0    4.17439
  -85.0    4.19387
  -95.0    4.20568
1998-11-23 00:00:00 10 2
   -5.0    2.52088
  -15.0    3.18484
  -25.0    3.58755
  -35.0    3.83180
  -45.0    3.97995
  -55.0    4.06981
  -65.0    4.12431
  -75.0    4.15737
  -85.0    4.17741
  -95.0    4.18958
1998-11-24 00:00:00 10 2
   -5.0    2.45902
  -15.0    3.14140
  -25.0    3.55529
  -35.0    3.80632
  -45.0    3.95858
  -55.0    4.05093
  -65.0    4.10694
  -75.0    4.14092
  -85.0    4.16152
  -95.0    4.17402
1998-11-25 00:00:00 10 2
   -5.0    2.39936
  -15.0    3.09951
  -25.0    3.52417
  -35.0    3.78175
  -45.0    3.93797
  -55.0    4.03273
  -65.0    4.09020
  -75.0    4.12506
  -85.0    4.14620
  -95.0    4.15902
1998-11-26 00:00:00 10 2
   -5.0    2.34192
  -15.0    3.05918
  -25.0    3.49422
  -35.0    3.75809
  -45.0    3.91813
  -55.0    4.01520
  -65.0    4.07408
  -75.0    4.10979
  -85.0    4.13144
  -95.0    4.14458
1998-11-27 00:00:00 10 2
   -5.0    2.28672
  -15.0    3.02042
  -25.0    3.46543
  -35.0    3.73535
  -45.0    3.89906
  -55.0    3.99835
  -65.0    4.05858
  -75.0    4.09511
  -85.0    4.11727
  -95.0    4.13070
1998-11-28 00:00:00 10 2
   -5.0    2.23377
  -15.0    2.98324
  -25.0    3.43782
  -35.0    3.71354
  -45.0    3.88077
  -55.0    3.98220
  -65.0    4.04372
  -75.0    4.08103
  -85.0    4.10366
  -95.0    4.11739
1998-11-29 00:00:00 10 2
   -5.0    2.18309
  -15.0    2.94766
  -25.0    3.41139
  -35.0    3.69266
  -45.0    3.86326
  -55.0    3.96673
  -65.0    4.02949
  -75.0    4.06756
  -85.0    4.09065
  -95.0    4.10465
1998-11-30 00:00:00 10 2
   -5.0    2.13470
  -15.0    2.91368
  -25.0    3.38616
  -35.0    3.67273
  -45.0    3.84654
  -55.0    3.95197
  -65.0    4.01591
  -75.0    4.05469
  -85.0    4.07822
  -95.0    4.09248
1998-12-01 00:00:00 10 2
   -5.0    2.08860
  -15.0    2.88132
  -25.0    3.36212
  -35.0    3.65374
  -45.0    3.83062
  -55.0    3.93790
  -65.0    4.00297
  -75.0    4.04244
  -85.0    4.06638
  -95.0    4.08090
1998-12-02 00:00:00 10 2
   -5.0    2.04482
  -15.0    2.85057
  -25.0    3.33929
  -35.0    3.63571
  -45.0    3.81550
  -55.0    3.92454
  -65.0    3.99068
  -75.0    4.03080
  -85.0    4.05513
  -95.0    4.06989
1998-12-03 00:00:00 10 2
   -5.0    2.00337
  -15.0    2.82147
  -25.0    3.31767
  -35.0    3.61863
  -45.0    3.80118
  -55.0    3.91189
  -65.0    3.97905
  -75.0    4.01978
  -85.0    4.04448
  -95.0    4.05947
1998-12-04 00:00:00 10 2
   -5.0    1.96425
  -15.0    2.79400
  -25.0    3.29727
  -35.0    3.60252
  -45.0    3.78766
  -55.0    3.89996
  -65.0    3.96807
  -75.0    4.00938
  -85.0    4.03443
  -95.0    4.04963
1998-12-05 00:00:00 10 2
   -5.0    1.92748
  -15.0    2.76819
  -25.0    3.27810
  -35.0    3.58738
  -45.0    3.77496
  -55.0    3.88874
  -65.0    3.95775
  -75.0    3.99960
  -85.0    4.02499
  -95.0    4.04039
1998-12-06 00:00:00 10 2
   -5.0    1.89308
  -15.0    2.74403
  -25.0    3.26016
  -35.0    3.57320
  -45.0    3.76308
  -55.0    3.87824
  -65.0    3.94809
  -75.0    3.99046
  -85.0    4.01615
  -95.0    4.03174
1998-12-07 00:00:00 10 2
   -5.0    1.86104
  -15.0    2.72153
  -25.0    3.24345
  -35.0    3.56001
  -45.0    3.75201
  -55.0    3.86846
  -65.0    3.93910
  -75.0    3.98194
  -85.0    4.00792
  -95.0    4.02368
1998-12-08 00:00:00 10 2
   -5.0    1.83139
  -15.0    2.70071
  -25.0    3.22798
  -35.0    3.54779
  -45.0    3.74176
  -55.0    3.85942
  -65.0    3.93077
  -75.0    3.97405
  -85.0    4.00031
  -95.0    4.01623
1998-12-09 00:00:00 10 2
   -5.0    1.80412
  -15.0    2.68157
  -25.0    3.21377
  -35.0    3.53656
  -45.0    3.73235
  -55.0    3.85110
  -65.0    3.92312
  -75.0    3.96681
  -85.0    3.99330
  -95.0    4.00937
1998-12-10 00:00:00 10 2
   -5.0    1.77925
  -15.0    2.66411
  -25.0    3.20080
  -35.0    3.52632
  -45.0    3.72375
  -55.0    3.84351
  -65.0    3.91614
  -75.0    3.96019
  -85.0    3.98691
  -95.0    4.00312
1998-12-11 00:00:00 10 2
   -5.0    1.75679
  -15.0    2.64833
  -25.0    3.18908
  -35.0    3.51706
  -45.0    3.71599
  -55.0    3.83665
  -65.0    3.90983
  -75.0    3.95422
  -85.0    3.98114
  -95.0    3.99747
1998-12-12 00:00:00 10 2
   -5.0    1.73673
  -15.0    2.63425
  -25.0    3.17862
  -35.0    3.50880
  -45.0    3.70907
  -55.0    3.83053
  -65.0    3.90421
  -75.0    3.94889
  -85.0    3.97599
  -95.0    3.99243
1998-12-13 00:00:00 10 2
   -5.0    1.71910
  -15.0    2.62187
  -25.0    3.16943
  -35.0    3.50154
  -45.0    3.70297
  -55.0    3.82515
  -65.0    3.89926
  -75.0    3.94420
  -85.0    3.97146
  -95.0    3.98800
1998-12-14 00:00:00 10 2
   -5.0    1.70388
  -15.0    2.61119
  -25.0    3.16149
  -35.0    3.49527
  -45.0    3.69772
  -55.0    3.82051
  -65.0    3.89499
  -75.0    3.94016
  -85.0    3.96756
  -95.0    3.98417
1998-12-15 00:00:00 10 2
   -5.0    1.69110
  -15.0    2.60221
  -25.0    3.15483
  -35.0    3.49001
  -45.0    3.69330
  -55.0    3.81661
  -65.0    3.89140
  -75.0    3.93676
  -85.0    3.96427
  -95.0    3.98096
1998-12-16 00:00:00 10 2
   -5.0    1.68074
  -15.0    2.59494
  -25.0    3.14943
  -35.0    3.48574
  -45.0    3.68972
  -55.0    3.81345
  -65.0    3.88849
  -75.0    3.93400
  -85.0    3.96161
  -95.0    3.97835
1998-12-17 00:00:00 10 2
   -5.0    1.67282
  -15.0    2.58937
  -25.0    3.14529
  -35.0    3.48248
  -45.0    3.68699
  -55.0    3.81103
  -65.0    3.88627
  -75.0    3.93190
  -85.0    3.95958
  -95.0    3.97636
1998-12-18 00:00:00 10 2
   -5.0    1.66733
  -15.0    2.58552
  -25.0    3.14243
  -35.0    3.48022
  -45.0    3.68509
  -55.0    3.80936
  -65.0    3.88473
  -75.0    3.93044
  -85.0    3.95817
  -95.0    3.97498
1998-12-19 00:00:00 10 2
   -5.0    1.66428
  -15.0    2.58338
  -25.0    3.14084
  -35.0    3.47896
  -45.0    3.68404
  -55.0    3.80843
  -65.0    3.88387
  -75.0    3.92963
  -85.0    3.95738
  -95.0    3.97422
1998-12-20 00:00:00 10 2
   -5.0    1.66367
  -15.0    2.58295
  -25.0    3.14053
  -35.0    3.47871
  -45.0    3.68383
  -55.0    3.80824
  -65.0    3.88370
  -75.0    3.92947
  -85.0    3.95723
  -95.0    3.97406
1998-12-21 00:00:00 10 2
   -5.0    1.66550
  -15.0    2.58424
  -25.0    3.14148
  -35.0    3.47946
  -45.0    3.68446
  -55.0    3.80880
  -65.0    3.88421
  -75.0    3.92995
  -85.0    3.95770
  -95.0    3.97452
1998-12-22 00:00:00 10 2
   -5.0    1.66977
  -15.0    2.58723
  -25.0    3.14370
  -35.0    3.48122
  -45.0    3.68593
  -55.0    3.81010
  -65.0    3.88541
  -75.0    3.93109
  -85.0    3.95879
  -95.0    3.97560
1998-12-23 00:00:00 10 2
   -5.0    1.67647
  -15.0    2.59194
  -25.0    3.14720
  -35.0    3.48398
  -45.0    3.68825
  -55.0    3.81215
  -65.0    3.88729
  -75.0    3.93287
  -85.0    3.96051
  -95.0    3.97728
1998-12-24 00:00:00 10 2
   -5.0    1.68561
  -15.0    2.59836
  -25.0    3.15197
  -35.0    3.48775
  -45.0    3.69141
  -55.0    3.81493
  -65.0    3.88986
  -75.0    3.93530
  -85.0    3.96286
  -95.0    3.97958
1998-12-25 00:00:00 10 2
   -5.0    1.69719
  -15.0    2.60648
  -25.0    3.15800
  -35.0    3.49251
  -45.0    3.69541
  -55.0    3.81847
  -65.0    3.89311
  -75.0    3.93838
  -85.0    3.96584
  -95.0    3.98249
1998-12-26 00:00:00 10 2
   -5.0    1.71119
  -15.0    2.61631
  -25.0    3.16530
  -35.0    3.49828
  -45.0    3.70024
  -55.0    3.82274
  -65.0    3.89704
  -75.0    3.94210
  -85.0    3.96943
  -95.0    3.98601
1998-12-27 00:00:00 10 2
   -5.0    1.72761
  -15.0    2.62785
  -25.0    3.17387
  -35.0    3.50505
  -45.0    3.70592
  -55.0    3.82775
  -65.0    3.90165
  -75.0    3.94647
  -85.0    3.97365
  -95.0    3.99014
1998-12-28 00:00:00 10 2
   -5.0    1.74646
  -15.0    2.64108
  -25.0    3.18370
  -35.0    3.51281
  -45.0    3.71243
  -55.0    3.83350
  -65.0    3.90694
  -75.0    3.95148
  -85.0    3.97849
  -95.0    3.99488
1998-12-29 00:00:00 10 2
   -5.0    1.76772
  -15.0    2.65601
  -25.0    3.19478
  -35.0    3.52157
  -45.0    3.71977
  -55.0    3.83999
  -65.0    3.91290
  -75.0    3.95713
  -85.0    3.98395
  -95.0    4.00022
1998-12-30 00:00:00 10 2
   -5.0    1.79138
  -15.0    2.67263
  -25.0    3.20712
  -35.0    3.53131
  -45.0    3.72795
  -55.0    3.84721
  -65.0    3.91955
  -75.0    3.96342
  -85.0    3.99003
  -95.0    4.00617
1998-12-31 00:00:00 10 2
   -5.0    1.81745
  -15.0    2.69093
  -25.0    3.22072
  -35.0    3.54205
  -45.0    3.73695
  -55.0    3.85516
  -65.0    3.92686
  -75.0    3.97035
  -85.0    3.99673
  -95.0    4.01273
1999-01-01 00:00:00 10 2
   -5.0    1.84591
  -15.0    2.71091
  -25.0    3.23556
  -35.0    3.55378
  -45.0    3.74678
  -55.0    3.86385
  -65.0    3.93485
  -75.0    3.97792
  -85.0    4.00404
  -95.0    4.01988
